#
# Color table from NCL 6.1.0:
#
# The NCAR Command Language (Version 6.0.0) [Software]. (2012). 
# Boulder, Colorado: UCAR/NCAR/CISL/VETS. http://dx.doi.org/10.5065/D6WD3XH5
#
# name: ncl_extrema
# description: NCL color table extrema
# source: NCL color table extrema
#
0.00 0.00 1.00
0.01 0.00 0.99
0.02 0.00 0.98
0.03 0.00 0.96
0.04 0.01 0.95
0.05 0.04 0.94
0.07 0.08 0.93
0.07 0.15 0.92
0.09 0.26 0.91
0.10 0.41 0.90
0.11 0.58 0.89
0.12 0.76 0.88
0.13 0.90 0.87
0.14 0.98 0.86
0.15 0.99 0.85
0.15 0.93 0.84
0.16 0.82 0.83
0.17 0.67 0.82
0.18 0.52 0.82
0.19 0.39 0.81
0.20 0.29 0.80
0.21 0.23 0.79
0.22 0.21 0.78
0.22 0.24 0.77
0.23 0.30 0.76
0.24 0.40 0.76
0.24 0.51 0.75
0.25 0.64 0.75
0.26 0.76 0.74
0.27 0.87 0.73
0.27 0.95 0.72
0.28 0.99 0.71
0.29 1.00 0.71
0.29 0.96 0.70
0.30 0.91 0.69
0.31 0.82 0.69
0.31 0.72 0.68
0.32 0.62 0.68
0.33 0.52 0.67
0.33 0.43 0.67
0.34 0.35 0.66
0.34 0.29 0.65
0.35 0.25 0.65
0.35 0.22 0.64
0.36 0.21 0.64
0.36 0.22 0.64
0.36 0.25 0.63
0.37 0.28 0.62
0.38 0.33 0.62
0.38 0.39 0.62
0.38 0.45 0.61
0.39 0.52 0.61
0.39 0.59 0.60
0.40 0.66 0.60
0.40 0.73 0.60
0.40 0.80 0.59
0.41 0.85 0.59
0.41 0.90 0.58
0.42 0.94 0.58
0.42 0.97 0.58
0.42 0.99 0.57
0.43 1.00 0.57
0.43 1.00 0.56
0.43 0.99 0.56
0.44 0.98 0.56
0.44 0.96 0.56
0.44 0.93 0.55
0.44 0.90 0.55
0.45 0.87 0.55
0.45 0.83 0.55
0.45 0.79 0.55
0.45 0.75 0.54
0.45 0.71 0.54
0.46 0.68 0.54
0.46 0.64 0.54
0.46 0.60 0.53
0.46 0.57 0.53
0.47 0.54 0.53
0.47 0.51 0.53
0.47 0.48 0.53
0.47 0.45 0.53
0.47 0.43 0.52
0.47 0.41 0.52
0.47 0.38 0.52
0.48 0.36 0.52
0.48 0.35 0.52
0.48 0.33 0.52
0.48 0.32 0.51
0.48 0.31 0.51
0.48 0.29 0.51
0.49 0.29 0.51
0.49 0.27 0.51
0.49 0.27 0.51
0.49 0.26 0.51
0.49 0.25 0.51
0.49 0.25 0.51
0.49 0.24 0.51
0.49 0.24 0.51
0.49 0.24 0.51
0.49 0.23 0.50
0.49 0.23 0.50
0.49 0.23 0.50
0.49 0.22 0.50
0.49 0.22 0.50
0.49 0.22 0.50
0.49 0.22 0.50
0.49 0.22 0.50
0.49 0.22 0.50
0.50 0.22 0.50
0.50 0.22 0.50
0.50 0.22 0.50
0.50 0.22 0.50
0.50 0.22 0.50
0.50 0.22 0.50
0.50 0.22 0.50
0.50 0.22 0.50
0.50 0.22 0.50
0.50 0.22 0.50
0.50 0.22 0.50
0.50 0.22 0.50
0.50 0.22 0.50
0.50 0.22 0.50
0.50 0.22 0.50
0.50 0.22 0.50
0.50 0.22 0.50
0.50 0.22 0.50
0.50 0.22 0.50
0.50 0.22 0.50
0.50 0.22 0.50
0.50 0.22 0.50
0.50 0.22 0.50
0.50 0.22 0.50
0.50 0.22 0.50
0.50 0.22 0.50
0.50 0.22 0.50
0.50 0.22 0.50
0.50 0.22 0.50
0.50 0.22 0.50
0.50 0.22 0.50
0.50 0.22 0.50
0.50 0.22 0.50
0.50 0.22 0.50
0.50 0.22 0.50
0.50 0.21 0.50
0.50 0.21 0.50
0.50 0.21 0.50
0.50 0.21 0.50
0.50 0.21 0.50
0.50 0.21 0.50
0.50 0.21 0.49
0.50 0.21 0.49
0.50 0.21 0.49
0.50 0.22 0.49
0.50 0.22 0.49
0.50 0.22 0.49
0.50 0.22 0.49
0.50 0.22 0.49
0.50 0.22 0.49
0.51 0.22 0.49
0.51 0.22 0.49
0.51 0.22 0.49
0.51 0.23 0.49
0.51 0.23 0.49
0.51 0.24 0.49
0.51 0.24 0.49
0.51 0.25 0.49
0.51 0.25 0.49
0.51 0.26 0.48
0.51 0.27 0.48
0.51 0.28 0.48
0.52 0.29 0.48
0.52 0.31 0.48
0.52 0.32 0.48
0.52 0.33 0.47
0.52 0.35 0.47
0.52 0.37 0.47
0.53 0.40 0.47
0.53 0.42 0.47
0.53 0.45 0.47
0.53 0.47 0.47
0.53 0.51 0.46
0.53 0.54 0.46
0.54 0.57 0.46
0.54 0.61 0.46
0.54 0.65 0.45
0.54 0.69 0.45
0.55 0.73 0.45
0.55 0.77 0.45
0.55 0.81 0.45
0.55 0.85 0.44
0.55 0.88 0.44
0.56 0.92 0.44
0.56 0.95 0.44
0.56 0.97 0.43
0.56 0.99 0.43
0.57 1.00 0.43
0.57 1.00 0.42
0.58 0.99 0.42
0.58 0.97 0.42
0.58 0.94 0.41
0.59 0.90 0.41
0.59 0.85 0.40
0.60 0.80 0.40
0.60 0.73 0.40
0.60 0.66 0.39
0.61 0.59 0.39
0.61 0.52 0.38
0.62 0.45 0.38
0.62 0.38 0.38
0.62 0.32 0.37
0.63 0.27 0.36
0.64 0.24 0.36
0.64 0.22 0.36
0.64 0.21 0.35
0.65 0.23 0.35
0.65 0.25 0.34
0.66 0.31 0.34
0.67 0.37 0.33
0.67 0.45 0.33
0.68 0.55 0.32
0.68 0.65 0.31
0.69 0.76 0.31
0.69 0.85 0.30
0.70 0.93 0.29
0.71 0.98 0.29
0.71 1.00 0.28
0.72 0.98 0.27
0.73 0.91 0.27
0.74 0.82 0.26
0.75 0.70 0.25
0.75 0.58 0.24
0.76 0.45 0.24
0.76 0.35 0.23
0.77 0.27 0.22
0.78 0.22 0.22
0.79 0.22 0.21
0.80 0.25 0.20
0.81 0.34 0.19
0.82 0.45 0.18
0.82 0.60 0.17
0.83 0.75 0.16
0.84 0.89 0.15
0.85 0.98 0.15
0.86 1.00 0.14
0.87 0.94 0.13
0.88 0.82 0.12
0.89 0.65 0.11
0.90 0.47 0.10
0.91 0.31 0.09
0.92 0.19 0.07
0.93 0.10 0.07
0.94 0.05 0.05
0.95 0.02 0.04
0.96 0.01 0.03
0.98 0.00 0.02
0.99 0.00 0.01
