#
# Color table from NCL 6.1.0:
#
# The NCAR Command Language (Version 6.0.0) [Software]. (2012). 
# Boulder, Colorado: UCAR/NCAR/CISL/VETS. http://dx.doi.org/10.5065/D6WD3XH5
#
# name: ncl_helix1
# description: NCL color table helix1
# source: NCL color table helix1
#
0.00 0.00 0.00
0.00 0.00 0.00
0.00 0.00 0.00
0.01 0.00 0.00
0.01 0.01 0.01
0.02 0.01 0.01
0.02 0.01 0.01
0.02 0.02 0.02
0.03 0.02 0.02
0.03 0.02 0.02
0.03 0.02 0.02
0.04 0.02 0.02
0.04 0.03 0.03
0.04 0.03 0.03
0.04 0.04 0.04
0.05 0.04 0.04
0.05 0.04 0.04
0.05 0.04 0.04
0.05 0.05 0.05
0.05 0.05 0.05
0.06 0.05 0.05
0.06 0.06 0.06
0.06 0.06 0.06
0.06 0.07 0.07
0.07 0.07 0.07
0.07 0.07 0.07
0.07 0.08 0.08
0.07 0.08 0.08
0.07 0.09 0.09
0.07 0.09 0.09
0.07 0.10 0.10
0.07 0.10 0.10
0.08 0.11 0.11
0.08 0.11 0.11
0.08 0.11 0.11
0.08 0.12 0.12
0.08 0.12 0.12
0.08 0.13 0.13
0.08 0.13 0.13
0.08 0.14 0.14
0.08 0.14 0.14
0.08 0.15 0.15
0.08 0.15 0.15
0.08 0.16 0.16
0.08 0.16 0.16
0.08 0.16 0.16
0.08 0.17 0.17
0.08 0.17 0.17
0.08 0.18 0.18
0.08 0.18 0.18
0.08 0.19 0.19
0.08 0.19 0.19
0.08 0.20 0.20
0.07 0.20 0.20
0.07 0.21 0.21
0.07 0.21 0.21
0.07 0.22 0.22
0.07 0.22 0.22
0.07 0.22 0.22
0.07 0.23 0.23
0.07 0.23 0.23
0.07 0.24 0.24
0.06 0.24 0.24
0.06 0.24 0.24
0.06 0.25 0.25
0.06 0.25 0.25
0.06 0.25 0.25
0.05 0.26 0.26
0.05 0.26 0.26
0.05 0.27 0.27
0.05 0.27 0.27
0.05 0.27 0.27
0.05 0.28 0.28
0.04 0.28 0.28
0.04 0.28 0.28
0.04 0.29 0.29
0.04 0.29 0.29
0.04 0.29 0.29
0.04 0.29 0.29
0.03 0.30 0.30
0.03 0.30 0.30
0.03 0.30 0.30
0.03 0.31 0.31
0.02 0.31 0.31
0.02 0.31 0.31
0.02 0.31 0.31
0.02 0.31 0.31
0.02 0.31 0.31
0.02 0.31 0.31
0.02 0.31 0.31
0.01 0.32 0.32
0.01 0.32 0.32
0.01 0.32 0.32
0.01 0.32 0.32
0.01 0.32 0.32
0.00 0.32 0.32
0.00 0.32 0.32
0.00 0.32 0.32
0.00 0.32 0.32
0.00 0.32 0.32
0.00 0.32 0.32
0.00 0.32 0.32
0.00 0.32 0.32
0.00 0.32 0.32
0.00 0.31 0.31
0.00 0.31 0.31
0.00 0.31 0.31
0.00 0.31 0.31
0.00 0.31 0.31
0.00 0.31 0.31
0.00 0.31 0.31
0.00 0.30 0.30
0.00 0.30 0.30
0.00 0.30 0.30
0.00 0.30 0.30
0.00 0.29 0.29
0.00 0.29 0.29
0.00 0.29 0.29
0.01 0.29 0.29
0.01 0.28 0.28
0.01 0.28 0.28
0.01 0.27 0.27
0.02 0.27 0.27
0.02 0.27 0.27
0.02 0.27 0.27
0.02 0.26 0.26
0.02 0.26 0.26
0.03 0.25 0.25
0.03 0.25 0.25
0.04 0.24 0.24
0.04 0.24 0.24
0.04 0.24 0.24
0.05 0.23 0.23
0.05 0.23 0.23
0.05 0.22 0.22
0.06 0.22 0.22
0.06 0.21 0.21
0.07 0.21 0.21
0.07 0.20 0.20
0.08 0.20 0.20
0.09 0.19 0.19
0.09 0.19 0.19
0.10 0.18 0.18
0.10 0.18 0.18
0.11 0.17 0.17
0.11 0.17 0.17
0.12 0.16 0.16
0.13 0.16 0.16
0.13 0.15 0.15
0.14 0.15 0.15
0.15 0.14 0.14
0.16 0.14 0.14
0.16 0.13 0.13
0.17 0.13 0.13
0.18 0.12 0.12
0.19 0.11 0.11
0.20 0.11 0.11
0.20 0.11 0.11
0.21 0.10 0.10
0.22 0.09 0.09
0.23 0.09 0.09
0.24 0.09 0.09
0.25 0.08 0.08
0.26 0.07 0.07
0.27 0.07 0.07
0.28 0.07 0.07
0.29 0.06 0.06
0.29 0.06 0.06
0.31 0.05 0.05
0.32 0.05 0.05
0.33 0.05 0.05
0.34 0.04 0.04
0.35 0.04 0.04
0.36 0.04 0.04
0.37 0.03 0.03
0.38 0.03 0.03
0.39 0.02 0.02
0.40 0.02 0.02
0.41 0.02 0.02
0.42 0.02 0.02
0.43 0.01 0.01
0.44 0.01 0.01
0.45 0.01 0.01
0.46 0.01 0.01
0.47 0.00 0.00
0.49 0.00 0.00
0.50 0.00 0.00
0.51 0.00 0.00
0.52 0.00 0.00
0.53 0.00 0.00
0.54 0.00 0.00
0.55 0.00 0.00
0.56 0.00 0.00
0.57 0.00 0.00
0.58 0.00 0.00
0.60 0.00 0.00
0.61 0.00 0.00
0.62 0.00 0.00
0.63 0.00 0.00
0.64 0.00 0.00
0.65 0.00 0.00
0.66 0.01 0.01
0.67 0.01 0.01
0.68 0.01 0.01
0.69 0.02 0.02
0.70 0.02 0.02
0.71 0.02 0.02
0.72 0.02 0.02
0.73 0.03 0.03
0.74 0.03 0.03
0.75 0.04 0.04
0.76 0.04 0.04
0.77 0.05 0.05
0.78 0.05 0.05
0.78 0.06 0.06
0.79 0.06 0.06
0.80 0.07 0.07
0.81 0.07 0.07
0.82 0.08 0.08
0.83 0.09 0.09
0.83 0.09 0.09
0.84 0.10 0.10
0.85 0.11 0.11
0.85 0.12 0.12
0.86 0.13 0.13
0.87 0.13 0.13
0.87 0.15 0.15
0.88 0.15 0.15
0.89 0.16 0.16
0.89 0.17 0.17
0.90 0.18 0.18
0.90 0.19 0.19
0.91 0.20 0.20
0.91 0.21 0.21
0.91 0.22 0.22
0.92 0.23 0.23
0.92 0.24 0.24
0.93 0.25 0.25
0.93 0.27 0.27
0.93 0.28 0.28
0.93 0.29 0.29
0.94 0.30 0.30
0.94 0.31 0.31
0.94 0.33 0.33
0.94 0.34 0.34
0.95 0.35 0.35
0.95 0.36 0.36
0.95 0.38 0.38
0.95 0.39 0.39
0.95 0.40 0.40
0.95 0.42 0.42
0.95 0.43 0.43
0.94 0.44 0.44
0.94 0.46 0.46
0.94 0.47 0.47
0.94 0.49 0.49
