#
# Color table from NCL 6.1.0:
#
# The NCAR Command Language (Version 6.0.0) [Software]. (2012). 
# Boulder, Colorado: UCAR/NCAR/CISL/VETS. http://dx.doi.org/10.5065/D6WD3XH5
#
# name: ncl_tbr_stdev_0-30
# description: NCL color table tbr_stdev_0-30
# source: NCL color table tbr_stdev_0-30
#
0.00 0.00 0.00
0.00 0.00 0.00
0.00 0.00 0.00
0.00 0.00 0.00
0.00 0.00 0.00
0.00 0.00 0.00
0.00 0.00 0.00
0.00 0.00 0.00
0.00 0.00 0.00
0.00 0.00 0.00
0.00 0.00 0.00
0.00 0.00 0.00
0.00 0.00 0.00
0.00 0.00 0.00
0.00 0.00 0.00
0.00 0.00 0.00
0.00 0.00 0.00
0.00 0.00 0.00
0.00 0.00 0.00
0.00 0.00 0.00
0.00 0.00 0.00
0.00 0.00 0.00
0.00 0.00 0.00
0.00 0.00 0.00
0.00 0.00 0.00
0.00 0.00 0.00
0.00 0.00 0.00
0.00 0.00 0.00
0.00 0.00 0.00
0.00 0.00 0.00
0.00 0.00 0.00
0.00 0.00 0.00
0.00 0.00 0.00
0.00 0.00 0.00
0.00 0.00 0.00
0.00 0.00 0.00
0.00 0.00 0.00
0.00 0.00 0.00
0.00 0.00 0.00
0.00 0.00 0.00
0.00 0.00 0.00
0.00 0.00 0.00
0.00 0.00 0.00
0.00 0.00 0.00
0.00 0.00 0.00
0.00 0.00 0.00
0.02 0.00 0.03
0.04 0.00 0.05
0.05 0.00 0.08
0.07 0.00 0.11
0.09 0.00 0.14
0.11 0.00 0.17
0.13 0.00 0.20
0.15 0.00 0.22
0.16 0.00 0.25
0.18 0.00 0.28
0.20 0.00 0.31
0.22 0.00 0.34
0.24 0.00 0.36
0.25 0.00 0.39
0.27 0.00 0.42
0.29 0.00 0.45
0.31 0.00 0.48
0.32 0.00 0.51
0.34 0.00 0.53
0.34 0.00 0.53
0.34 0.00 0.53
0.34 0.00 0.53
0.34 0.00 0.53
0.34 0.00 0.53
0.34 0.00 0.53
0.34 0.00 0.53
0.34 0.00 0.53
0.34 0.00 0.53
0.34 0.00 0.53
0.34 0.00 0.53
0.34 0.00 0.53
0.34 0.00 0.53
0.34 0.00 0.53
0.34 0.00 0.53
0.34 0.00 0.53
0.34 0.00 0.53
0.34 0.00 0.53
0.34 0.00 0.53
0.33 0.02 0.52
0.32 0.05 0.50
0.31 0.07 0.49
0.30 0.09 0.47
0.29 0.11 0.45
0.28 0.14 0.44
0.27 0.16 0.43
0.26 0.18 0.41
0.25 0.20 0.40
0.24 0.23 0.38
0.23 0.25 0.36
0.22 0.27 0.35
0.21 0.29 0.33
0.20 0.32 0.32
0.19 0.34 0.30
0.18 0.36 0.29
0.17 0.38 0.27
0.16 0.41 0.26
0.15 0.43 0.24
0.14 0.45 0.23
0.13 0.47 0.21
0.12 0.50 0.20
0.11 0.52 0.18
0.10 0.55 0.16
0.09 0.56 0.15
0.08 0.59 0.14
0.07 0.61 0.12
0.06 0.64 0.11
0.05 0.65 0.09
0.04 0.68 0.07
0.03 0.70 0.06
0.03 0.70 0.06
0.03 0.70 0.06
0.03 0.70 0.06
0.03 0.70 0.06
0.03 0.70 0.06
0.03 0.70 0.06
0.03 0.70 0.06
0.03 0.70 0.06
0.03 0.70 0.06
0.03 0.70 0.06
0.03 0.70 0.06
0.03 0.70 0.06
0.08 0.72 0.05
0.13 0.73 0.05
0.17 0.75 0.05
0.22 0.76 0.05
0.26 0.77 0.04
0.31 0.79 0.04
0.35 0.80 0.04
0.40 0.82 0.04
0.45 0.83 0.04
0.49 0.84 0.03
0.54 0.86 0.03
0.58 0.87 0.02
0.63 0.89 0.02
0.68 0.90 0.02
0.72 0.91 0.02
0.77 0.93 0.02
0.82 0.95 0.01
0.86 0.96 0.01
0.91 0.97 0.00
0.95 0.98 0.00
1.00 1.00 0.00
1.00 0.96 0.00
1.00 0.93 0.00
1.00 0.89 0.00
1.00 0.86 0.00
1.00 0.82 0.00
1.00 0.78 0.00
1.00 0.75 0.00
1.00 0.71 0.00
1.00 0.68 0.00
1.00 0.64 0.00
1.00 0.61 0.00
1.00 0.57 0.00
1.00 0.54 0.00
1.00 0.50 0.00
1.00 0.46 0.00
1.00 0.43 0.00
1.00 0.39 0.00
1.00 0.36 0.00
1.00 0.32 0.00
1.00 0.29 0.00
1.00 0.25 0.00
1.00 0.22 0.00
1.00 0.18 0.00
1.00 0.14 0.00
1.00 0.11 0.00
1.00 0.07 0.00
1.00 0.04 0.00
1.00 0.00 0.00
1.00 0.00 0.00
1.00 0.00 0.00
1.00 0.00 0.00
1.00 0.00 0.00
1.00 0.00 0.00
0.99 0.05 0.16
0.98 0.11 0.31
0.97 0.16 0.47
0.96 0.21 0.63
0.95 0.26 0.78
0.94 0.31 0.94
0.95 0.40 0.95
0.96 0.49 0.96
0.96 0.57 0.96
0.97 0.66 0.97
0.98 0.74 0.98
0.98 0.83 0.98
0.99 0.91 0.99
1.00 1.00 1.00
1.00 1.00 1.00
1.00 1.00 1.00
1.00 1.00 1.00
1.00 1.00 1.00
1.00 1.00 1.00
