#
# Color table from NCL 6.1.0:
#
# The NCAR Command Language (Version 6.0.0) [Software]. (2012). 
# Boulder, Colorado: UCAR/NCAR/CISL/VETS. http://dx.doi.org/10.5065/D6WD3XH5
#
# name: ncl_BlueYellowRed
# description: NCL color table BlueYellowRed
# source: NCL color table BlueYellowRed
#
0.02 0.14 0.31
0.02 0.15 0.33
0.02 0.15 0.34
0.02 0.16 0.35
0.02 0.16 0.36
0.02 0.17 0.37
0.02 0.18 0.38
0.02 0.19 0.39
0.02 0.19 0.40
0.02 0.20 0.42
0.02 0.21 0.43
0.02 0.22 0.44
0.02 0.22 0.45
0.03 0.23 0.46
0.03 0.24 0.47
0.03 0.24 0.49
0.03 0.25 0.50
0.03 0.26 0.51
0.03 0.27 0.52
0.03 0.27 0.53
0.03 0.28 0.54
0.03 0.29 0.55
0.03 0.29 0.56
0.03 0.30 0.58
0.03 0.31 0.59
0.03 0.32 0.61
0.04 0.33 0.62
0.05 0.34 0.62
0.06 0.35 0.63
0.07 0.36 0.64
0.07 0.37 0.64
0.08 0.38 0.65
0.09 0.39 0.66
0.10 0.40 0.66
0.11 0.41 0.67
0.12 0.42 0.68
0.13 0.43 0.68
0.14 0.44 0.69
0.15 0.45 0.70
0.15 0.45 0.70
0.16 0.47 0.71
0.17 0.47 0.71
0.18 0.49 0.72
0.19 0.49 0.73
0.20 0.51 0.73
0.21 0.51 0.74
0.22 0.53 0.75
0.22 0.53 0.75
0.23 0.55 0.76
0.24 0.55 0.77
0.26 0.57 0.78
0.27 0.58 0.78
0.27 0.58 0.78
0.28 0.59 0.79
0.28 0.60 0.79
0.29 0.60 0.79
0.30 0.61 0.79
0.30 0.61 0.80
0.31 0.62 0.80
0.32 0.62 0.80
0.32 0.63 0.80
0.33 0.64 0.80
0.33 0.64 0.81
0.34 0.65 0.81
0.35 0.65 0.81
0.35 0.65 0.82
0.36 0.66 0.82
0.36 0.67 0.82
0.37 0.67 0.82
0.38 0.68 0.82
0.38 0.68 0.83
0.39 0.69 0.83
0.40 0.69 0.83
0.40 0.70 0.83
0.41 0.71 0.84
0.42 0.71 0.84
0.42 0.72 0.84
0.43 0.72 0.84
0.44 0.73 0.84
0.45 0.73 0.85
0.46 0.74 0.85
0.47 0.75 0.85
0.48 0.75 0.85
0.49 0.76 0.85
0.50 0.76 0.86
0.51 0.77 0.86
0.52 0.77 0.86
0.53 0.78 0.87
0.54 0.78 0.87
0.55 0.79 0.87
0.55 0.80 0.87
0.56 0.80 0.87
0.57 0.81 0.88
0.58 0.81 0.88
0.59 0.82 0.88
0.60 0.82 0.89
0.61 0.83 0.89
0.62 0.84 0.89
0.63 0.84 0.89
0.64 0.85 0.89
0.65 0.85 0.90
0.67 0.86 0.90
0.67 0.87 0.91
0.68 0.87 0.91
0.69 0.87 0.91
0.70 0.88 0.92
0.70 0.88 0.92
0.71 0.89 0.93
0.72 0.89 0.93
0.73 0.89 0.93
0.73 0.90 0.94
0.74 0.90 0.94
0.75 0.91 0.95
0.76 0.91 0.95
0.76 0.91 0.95
0.77 0.91 0.95
0.78 0.92 0.96
0.78 0.92 0.96
0.79 0.93 0.96
0.80 0.93 0.97
0.81 0.93 0.97
0.82 0.94 0.98
0.82 0.94 0.98
0.83 0.95 0.98
0.84 0.95 0.99
0.84 0.95 0.99
0.86 0.96 1.00
1.00 1.00 0.78
1.00 1.00 0.77
1.00 0.99 0.76
1.00 0.99 0.75
1.00 0.98 0.73
1.00 0.98 0.72
1.00 0.98 0.71
1.00 0.97 0.69
1.00 0.97 0.68
1.00 0.96 0.67
1.00 0.96 0.65
1.00 0.96 0.64
1.00 0.95 0.63
1.00 0.95 0.62
1.00 0.95 0.60
1.00 0.95 0.59
1.00 0.94 0.58
1.00 0.94 0.56
1.00 0.93 0.55
1.00 0.93 0.54
1.00 0.93 0.53
1.00 0.92 0.51
1.00 0.92 0.50
1.00 0.91 0.49
1.00 0.91 0.48
1.00 0.90 0.45
1.00 0.90 0.44
1.00 0.89 0.44
1.00 0.89 0.43
0.99 0.88 0.42
0.99 0.88 0.42
0.99 0.87 0.41
0.99 0.87 0.40
0.98 0.86 0.39
0.98 0.86 0.38
0.98 0.85 0.38
0.98 0.85 0.37
0.98 0.84 0.36
0.98 0.84 0.36
0.97 0.83 0.35
0.97 0.83 0.34
0.97 0.82 0.33
0.97 0.82 0.33
0.96 0.81 0.32
0.96 0.81 0.31
0.96 0.80 0.31
0.96 0.80 0.30
0.96 0.79 0.29
0.96 0.79 0.29
0.95 0.78 0.28
0.95 0.77 0.26
0.95 0.76 0.25
0.95 0.75 0.25
0.95 0.74 0.24
0.94 0.73 0.24
0.94 0.71 0.23
0.94 0.70 0.22
0.94 0.69 0.21
0.93 0.68 0.21
0.93 0.67 0.20
0.93 0.65 0.19
0.93 0.64 0.18
0.93 0.63 0.18
0.93 0.62 0.17
0.93 0.61 0.16
0.92 0.60 0.16
0.92 0.59 0.15
0.92 0.58 0.14
0.92 0.56 0.13
0.91 0.55 0.13
0.91 0.54 0.12
0.91 0.53 0.11
0.91 0.52 0.11
0.91 0.51 0.10
0.91 0.49 0.09
0.90 0.48 0.09
0.90 0.47 0.08
0.90 0.46 0.07
0.89 0.45 0.07
0.89 0.45 0.07
0.88 0.44 0.07
0.88 0.43 0.06
0.87 0.42 0.06
0.87 0.42 0.06
0.87 0.41 0.05
0.86 0.40 0.05
0.85 0.40 0.05
0.85 0.39 0.05
0.85 0.38 0.04
0.84 0.37 0.04
0.84 0.36 0.04
0.84 0.36 0.03
0.83 0.35 0.03
0.82 0.34 0.03
0.82 0.33 0.02
0.82 0.33 0.02
0.81 0.32 0.02
0.81 0.31 0.02
0.80 0.31 0.01
0.80 0.30 0.01
0.79 0.29 0.01
0.78 0.27 0.00
0.78 0.27 0.00
0.76 0.27 0.01
0.76 0.26 0.01
0.75 0.25 0.02
0.74 0.25 0.02
0.73 0.25 0.02
0.72 0.24 0.02
0.71 0.24 0.03
0.70 0.24 0.03
0.69 0.23 0.04
0.68 0.22 0.04
0.67 0.22 0.04
0.66 0.22 0.05
0.65 0.21 0.05
0.64 0.21 0.05
0.63 0.20 0.05
0.62 0.20 0.06
0.61 0.19 0.06
0.60 0.19 0.07
0.59 0.18 0.07
0.58 0.18 0.07
0.57 0.18 0.07
0.56 0.17 0.08
0.55 0.16 0.08
0.53 0.16 0.09
