#
# Color table from NCL 6.1.0:
#
# The NCAR Command Language (Version 6.0.0) [Software]. (2012). 
# Boulder, Colorado: UCAR/NCAR/CISL/VETS. http://dx.doi.org/10.5065/D6WD3XH5
#
# name: ncl_helix
# description: NCL color table helix
# source: NCL color table helix
#
0.00 0.00 0.00
0.00 0.00 0.00
0.00 0.00 0.00
0.01 0.00 0.00
0.01 0.01 0.00
0.02 0.01 0.00
0.02 0.01 0.00
0.02 0.02 0.00
0.03 0.02 0.00
0.03 0.02 0.00
0.03 0.02 0.00
0.04 0.02 0.00
0.04 0.03 0.00
0.04 0.03 0.00
0.04 0.04 0.00
0.05 0.04 0.00
0.05 0.04 0.00
0.05 0.04 0.00
0.05 0.05 0.00
0.05 0.05 0.00
0.06 0.05 0.00
0.06 0.06 0.00
0.06 0.06 0.00
0.06 0.07 0.00
0.07 0.07 0.00
0.07 0.07 0.00
0.07 0.08 0.00
0.07 0.08 0.00
0.07 0.09 0.00
0.07 0.09 0.00
0.07 0.10 0.00
0.07 0.10 0.00
0.08 0.11 0.00
0.08 0.11 0.00
0.08 0.11 0.00
0.08 0.12 0.00
0.08 0.12 0.00
0.08 0.13 0.00
0.08 0.13 0.00
0.08 0.14 0.00
0.08 0.14 0.01
0.08 0.15 0.01
0.08 0.15 0.01
0.08 0.16 0.01
0.08 0.16 0.01
0.08 0.16 0.01
0.08 0.17 0.02
0.08 0.17 0.02
0.08 0.18 0.02
0.08 0.18 0.02
0.08 0.19 0.02
0.08 0.19 0.02
0.08 0.20 0.03
0.07 0.20 0.03
0.07 0.21 0.03
0.07 0.21 0.03
0.07 0.22 0.04
0.07 0.22 0.04
0.07 0.22 0.04
0.07 0.23 0.04
0.07 0.23 0.05
0.07 0.24 0.05
0.06 0.24 0.05
0.06 0.24 0.06
0.06 0.25 0.06
0.06 0.25 0.06
0.06 0.25 0.07
0.05 0.26 0.07
0.05 0.26 0.07
0.05 0.27 0.08
0.05 0.27 0.09
0.05 0.27 0.09
0.05 0.28 0.09
0.04 0.28 0.10
0.04 0.28 0.10
0.04 0.29 0.11
0.04 0.29 0.11
0.04 0.29 0.12
0.04 0.29 0.13
0.03 0.30 0.13
0.03 0.30 0.13
0.03 0.30 0.14
0.03 0.31 0.15
0.02 0.31 0.15
0.02 0.31 0.16
0.02 0.31 0.16
0.02 0.31 0.17
0.02 0.31 0.18
0.02 0.31 0.18
0.02 0.31 0.19
0.01 0.32 0.20
0.01 0.32 0.20
0.01 0.32 0.21
0.01 0.32 0.22
0.01 0.32 0.22
0.00 0.32 0.23
0.00 0.32 0.24
0.00 0.32 0.24
0.00 0.32 0.25
0.00 0.32 0.25
0.00 0.32 0.26
0.00 0.32 0.27
0.00 0.32 0.28
0.00 0.32 0.29
0.00 0.31 0.29
0.00 0.31 0.30
0.00 0.31 0.31
0.00 0.31 0.31
0.00 0.31 0.32
0.00 0.31 0.33
0.00 0.31 0.34
0.00 0.30 0.35
0.00 0.30 0.35
0.00 0.30 0.36
0.00 0.30 0.36
0.00 0.29 0.37
0.00 0.29 0.38
0.00 0.29 0.39
0.01 0.29 0.40
0.01 0.28 0.40
0.01 0.28 0.41
0.01 0.27 0.42
0.02 0.27 0.42
0.02 0.27 0.43
0.02 0.27 0.44
0.02 0.26 0.45
0.02 0.26 0.45
0.03 0.25 0.46
0.03 0.25 0.47
0.04 0.24 0.47
0.04 0.24 0.48
0.04 0.24 0.49
0.05 0.23 0.49
0.05 0.23 0.50
0.05 0.22 0.51
0.06 0.22 0.51
0.06 0.21 0.52
0.07 0.21 0.52
0.07 0.20 0.53
0.08 0.20 0.53
0.09 0.19 0.54
0.09 0.19 0.55
0.10 0.18 0.55
0.10 0.18 0.56
0.11 0.17 0.56
0.11 0.17 0.56
0.12 0.16 0.57
0.13 0.16 0.57
0.13 0.15 0.58
0.14 0.15 0.58
0.15 0.14 0.58
0.16 0.14 0.59
0.16 0.13 0.59
0.17 0.13 0.60
0.18 0.12 0.60
0.19 0.11 0.60
0.20 0.11 0.60
0.20 0.11 0.61
0.21 0.10 0.61
0.22 0.09 0.61
0.23 0.09 0.62
0.24 0.09 0.62
0.25 0.08 0.62
0.26 0.07 0.62
0.27 0.07 0.62
0.28 0.07 0.62
0.29 0.06 0.62
0.29 0.06 0.62
0.31 0.05 0.62
0.32 0.05 0.62
0.33 0.05 0.62
0.34 0.04 0.62
0.35 0.04 0.62
0.36 0.04 0.62
0.37 0.03 0.62
0.38 0.03 0.62
0.39 0.02 0.62
0.40 0.02 0.62
0.41 0.02 0.61
0.42 0.02 0.61
0.43 0.01 0.61
0.44 0.01 0.61
0.45 0.01 0.60
0.46 0.01 0.60
0.47 0.00 0.60
0.49 0.00 0.59
0.50 0.00 0.59
0.51 0.00 0.58
0.52 0.00 0.58
0.53 0.00 0.58
0.54 0.00 0.57
0.55 0.00 0.57
0.56 0.00 0.56
0.57 0.00 0.56
0.58 0.00 0.55
0.60 0.00 0.55
0.61 0.00 0.54
0.62 0.00 0.53
0.63 0.00 0.53
0.64 0.00 0.52
0.65 0.00 0.52
0.66 0.01 0.51
0.67 0.01 0.50
0.68 0.01 0.49
0.69 0.02 0.49
0.70 0.02 0.48
0.71 0.02 0.47
0.72 0.02 0.47
0.73 0.03 0.46
0.74 0.03 0.45
0.75 0.04 0.44
0.76 0.04 0.44
0.77 0.05 0.43
0.78 0.05 0.42
0.78 0.06 0.41
0.79 0.06 0.40
0.80 0.07 0.39
0.81 0.07 0.38
0.82 0.08 0.38
0.83 0.09 0.37
0.83 0.09 0.36
0.84 0.10 0.35
0.85 0.11 0.34
0.85 0.12 0.33
0.86 0.13 0.33
0.87 0.13 0.31
0.87 0.15 0.31
0.88 0.15 0.30
0.89 0.16 0.29
0.89 0.17 0.28
0.90 0.18 0.27
0.90 0.19 0.26
0.91 0.20 0.25
0.91 0.21 0.24
0.91 0.22 0.24
0.92 0.23 0.22
0.92 0.24 0.22
0.93 0.25 0.21
0.93 0.27 0.20
0.93 0.28 0.19
0.93 0.29 0.18
0.94 0.30 0.17
0.94 0.31 0.16
0.94 0.33 0.16
0.94 0.34 0.15
0.95 0.35 0.14
0.95 0.36 0.13
0.95 0.38 0.13
0.95 0.39 0.12
0.95 0.40 0.11
0.95 0.42 0.11
0.95 0.43 0.10
0.94 0.44 0.09
0.94 0.46 0.08
0.94 0.47 0.08
0.94 0.49 0.07
