#
# Color table from NCL 6.1.0:
#
# The NCAR Command Language (Version 6.0.0) [Software]. (2012). 
# Boulder, Colorado: UCAR/NCAR/CISL/VETS. http://dx.doi.org/10.5065/D6WD3XH5
#
# name: ncl_tbrVar1
# description: NCL color table tbrVar1
# source: NCL color table tbrVar1
#
0.00 0.00 0.00
0.00 0.00 0.00
0.00 0.00 0.00
0.00 0.00 0.00
0.00 0.00 0.00
0.00 0.00 0.00
0.07 0.00 0.11
0.14 0.00 0.21
0.20 0.00 0.32
0.27 0.00 0.43
0.34 0.00 0.53
0.34 0.00 0.53
0.34 0.00 0.53
0.34 0.00 0.53
0.34 0.00 0.53
0.34 0.00 0.53
0.34 0.00 0.53
0.34 0.00 0.53
0.34 0.00 0.53
0.34 0.00 0.53
0.34 0.00 0.53
0.34 0.00 0.53
0.31 0.06 0.49
0.29 0.13 0.45
0.25 0.19 0.40
0.23 0.25 0.36
0.20 0.32 0.32
0.17 0.38 0.27
0.15 0.45 0.23
0.12 0.51 0.19
0.09 0.57 0.15
0.06 0.64 0.10
0.03 0.70 0.06
0.03 0.70 0.06
0.03 0.70 0.06
0.03 0.70 0.06
0.03 0.70 0.06
0.03 0.70 0.06
0.14 0.73 0.05
0.25 0.77 0.05
0.35 0.80 0.04
0.46 0.84 0.03
0.57 0.87 0.03
0.68 0.90 0.02
0.78 0.93 0.01
0.89 0.97 0.01
1.00 1.00 0.00
1.00 1.00 0.00
1.00 1.00 0.00
1.00 1.00 0.00
1.00 1.00 0.00
1.00 0.95 0.00
1.00 0.91 0.00
1.00 0.86 0.00
1.00 0.81 0.00
1.00 0.76 0.00
1.00 0.71 0.00
1.00 0.67 0.00
1.00 0.62 0.00
1.00 0.57 0.00
1.00 0.53 0.00
1.00 0.47 0.00
1.00 0.43 0.00
1.00 0.38 0.00
1.00 0.33 0.00
1.00 0.29 0.00
1.00 0.24 0.00
1.00 0.19 0.00
1.00 0.14 0.00
1.00 0.09 0.00
1.00 0.05 0.00
1.00 0.00 0.00
1.00 0.00 0.00
1.00 0.00 0.00
1.00 0.00 0.00
1.00 0.00 0.00
1.00 0.00 0.00
1.00 0.00 0.00
1.00 0.00 0.00
1.00 0.00 0.00
0.98 0.08 0.24
0.97 0.16 0.47
0.96 0.24 0.71
0.94 0.31 0.94
0.94 0.31 0.94
0.94 0.31 0.94
0.94 0.31 0.94
0.94 0.31 0.94
0.94 0.31 0.94
0.95 0.37 0.95
0.95 0.43 0.95
0.96 0.49 0.96
0.96 0.54 0.96
0.96 0.60 0.96
0.97 0.66 0.97
0.98 0.71 0.98
0.98 0.77 0.98
0.98 0.83 0.98
0.99 0.89 0.99
1.00 0.94 1.00
1.00 1.00 1.00
