#
# Color table from NCL 6.1.0:
#
# The NCAR Command Language (Version 6.0.0) [Software]. (2012). 
# Boulder, Colorado: UCAR/NCAR/CISL/VETS. http://dx.doi.org/10.5065/D6WD3XH5
#
# name: ncl_WhViBlGrYeOrRe
# description: NCL color table WhViBlGrYeOrRe
# source: NCL color table WhViBlGrYeOrRe
#
1.00 1.00 1.00
0.96 0.94 0.97
0.92 0.88 0.95
0.88 0.82 0.92
0.84 0.76 0.89
0.81 0.71 0.86
0.77 0.65 0.84
0.73 0.59 0.81
0.69 0.53 0.78
0.65 0.47 0.75
0.61 0.41 0.73
0.57 0.35 0.70
0.53 0.29 0.67
0.50 0.24 0.64
0.46 0.18 0.62
0.42 0.12 0.59
0.38 0.06 0.56
0.34 0.00 0.53
0.32 0.00 0.56
0.30 0.00 0.59
0.28 0.00 0.62
0.25 0.00 0.65
0.24 0.00 0.68
0.21 0.00 0.71
0.19 0.00 0.74
0.17 0.00 0.77
0.15 0.00 0.80
0.13 0.00 0.82
0.11 0.00 0.85
0.09 0.00 0.88
0.06 0.00 0.91
0.04 0.00 0.94
0.02 0.00 0.97
0.00 0.00 1.00
0.00 0.04 0.95
0.00 0.08 0.89
0.00 0.13 0.84
0.01 0.16 0.78
0.01 0.21 0.72
0.01 0.25 0.67
0.01 0.29 0.61
0.02 0.33 0.56
0.02 0.37 0.50
0.02 0.41 0.45
0.02 0.45 0.39
0.02 0.49 0.34
0.02 0.54 0.28
0.03 0.58 0.22
0.03 0.62 0.17
0.03 0.66 0.11
0.03 0.70 0.06
0.09 0.72 0.05
0.15 0.74 0.05
0.20 0.75 0.05
0.26 0.77 0.04
0.32 0.79 0.04
0.37 0.81 0.04
0.43 0.82 0.04
0.49 0.84 0.03
0.55 0.86 0.03
0.60 0.88 0.02
0.66 0.89 0.02
0.71 0.91 0.02
0.77 0.93 0.02
0.83 0.95 0.01
0.89 0.96 0.01
0.94 0.98 0.00
1.00 1.00 0.00
1.00 0.98 0.00
1.00 0.96 0.00
1.00 0.93 0.00
1.00 0.91 0.00
1.00 0.89 0.00
1.00 0.87 0.00
1.00 0.85 0.00
1.00 0.82 0.00
1.00 0.80 0.00
1.00 0.78 0.00
1.00 0.76 0.00
1.00 0.74 0.00
1.00 0.71 0.00
1.00 0.69 0.00
1.00 0.67 0.00
1.00 0.65 0.00
1.00 0.61 0.00
1.00 0.57 0.00
1.00 0.53 0.00
1.00 0.49 0.00
1.00 0.45 0.00
1.00 0.42 0.00
1.00 0.38 0.00
1.00 0.34 0.00
1.00 0.31 0.00
1.00 0.27 0.00
1.00 0.23 0.00
1.00 0.19 0.00
1.00 0.15 0.00
1.00 0.11 0.00
1.00 0.07 0.00
1.00 0.04 0.00
1.00 0.00 0.00
