#
# Color table from NCL 6.1.0:
#
# The NCAR Command Language (Version 6.0.0) [Software]. (2012). 
# Boulder, Colorado: UCAR/NCAR/CISL/VETS. http://dx.doi.org/10.5065/D6WD3XH5
#
# name: ncl_ViBlGrWhYeOrRe
# description: NCL color table ViBlGrWhYeOrRe
# source: NCL color table ViBlGrWhYeOrRe
#
0.34 0.00 0.53
0.32 0.00 0.56
0.29 0.00 0.60
0.27 0.00 0.63
0.25 0.00 0.66
0.23 0.00 0.69
0.20 0.00 0.72
0.18 0.00 0.75
0.16 0.00 0.78
0.14 0.00 0.81
0.11 0.00 0.84
0.09 0.00 0.87
0.07 0.00 0.91
0.05 0.00 0.94
0.02 0.00 0.97
0.00 0.00 1.00
0.00 0.04 0.94
0.00 0.09 0.88
0.01 0.13 0.82
0.01 0.18 0.76
0.01 0.22 0.71
0.01 0.26 0.65
0.02 0.31 0.59
0.02 0.35 0.53
0.02 0.40 0.47
0.02 0.44 0.41
0.02 0.48 0.35
0.02 0.53 0.29
0.03 0.57 0.24
0.03 0.62 0.18
0.03 0.66 0.12
0.03 0.70 0.06
0.09 0.72 0.12
0.16 0.74 0.18
0.22 0.76 0.25
0.29 0.78 0.31
0.35 0.80 0.37
0.42 0.82 0.44
0.48 0.84 0.50
0.55 0.86 0.56
0.61 0.88 0.62
0.68 0.90 0.69
0.74 0.92 0.75
0.81 0.94 0.81
0.87 0.96 0.87
0.94 0.98 0.94
1.00 1.00 1.00
1.00 1.00 1.00
1.00 1.00 1.00
1.00 1.00 1.00
1.00 1.00 1.00
1.00 1.00 1.00
1.00 1.00 1.00
1.00 1.00 1.00
1.00 1.00 1.00
1.00 1.00 0.93
1.00 1.00 0.87
1.00 1.00 0.80
1.00 1.00 0.73
1.00 1.00 0.67
1.00 1.00 0.60
1.00 1.00 0.53
1.00 1.00 0.47
1.00 1.00 0.40
1.00 1.00 0.33
1.00 1.00 0.27
1.00 1.00 0.20
1.00 1.00 0.13
1.00 1.00 0.07
1.00 1.00 0.00
1.00 0.98 0.00
1.00 0.96 0.00
1.00 0.93 0.00
1.00 0.91 0.00
1.00 0.89 0.00
1.00 0.87 0.00
1.00 0.85 0.00
1.00 0.82 0.00
1.00 0.80 0.00
1.00 0.78 0.00
1.00 0.76 0.00
1.00 0.74 0.00
1.00 0.71 0.00
1.00 0.69 0.00
1.00 0.67 0.00
1.00 0.65 0.00
1.00 0.60 0.00
1.00 0.56 0.00
1.00 0.52 0.00
1.00 0.47 0.00
1.00 0.43 0.00
1.00 0.39 0.00
1.00 0.35 0.00
1.00 0.30 0.00
1.00 0.26 0.00
1.00 0.22 0.00
1.00 0.17 0.00
1.00 0.13 0.00
1.00 0.09 0.00
1.00 0.04 0.00
1.00 0.00 0.00
