#
# Color table from NCL 6.1.0:
#
# The NCAR Command Language (Version 6.0.0) [Software]. (2012). 
# Boulder, Colorado: UCAR/NCAR/CISL/VETS. http://dx.doi.org/10.5065/D6WD3XH5
#
# name: ncl_WhiteBlueGreenYellowRed
# description: NCL color table WhiteBlueGreenYellowRed
# source: NCL color table WhiteBlueGreenYellowRed
#
1.00 1.00 1.00
0.99 1.00 1.00
0.98 0.99 1.00
0.97 0.99 1.00
0.96 0.98 1.00
0.95 0.98 1.00
0.94 0.98 1.00
0.93 0.97 0.99
0.92 0.97 0.99
0.91 0.96 0.99
0.90 0.96 0.99
0.89 0.96 0.99
0.87 0.95 0.99
0.87 0.95 0.99
0.85 0.95 0.99
0.84 0.94 0.99
0.84 0.94 0.99
0.82 0.93 0.98
0.81 0.93 0.98
0.80 0.93 0.98
0.79 0.92 0.98
0.78 0.92 0.98
0.77 0.91 0.98
0.76 0.91 0.98
0.75 0.91 0.98
0.74 0.90 0.98
0.73 0.90 0.98
0.72 0.89 0.98
0.71 0.89 0.98
0.70 0.89 0.98
0.69 0.88 0.98
0.68 0.88 0.97
0.67 0.87 0.97
0.66 0.87 0.97
0.65 0.87 0.97
0.64 0.86 0.97
0.62 0.85 0.97
0.61 0.85 0.96
0.60 0.84 0.96
0.59 0.83 0.95
0.58 0.82 0.95
0.57 0.82 0.95
0.56 0.81 0.94
0.55 0.80 0.93
0.55 0.79 0.93
0.53 0.78 0.93
0.53 0.77 0.92
0.52 0.76 0.92
0.51 0.76 0.91
0.50 0.75 0.91
0.49 0.74 0.90
0.48 0.73 0.90
0.47 0.73 0.89
0.46 0.72 0.89
0.45 0.71 0.88
0.44 0.70 0.88
0.44 0.69 0.87
0.43 0.69 0.87
0.42 0.68 0.86
0.41 0.67 0.86
0.40 0.66 0.85
0.39 0.65 0.85
0.38 0.65 0.84
0.37 0.64 0.84
0.36 0.63 0.84
0.35 0.62 0.83
0.35 0.61 0.83
0.34 0.60 0.82
0.33 0.60 0.82
0.32 0.59 0.81
0.31 0.58 0.81
0.30 0.57 0.80
0.28 0.56 0.79
0.28 0.56 0.78
0.28 0.56 0.76
0.28 0.57 0.75
0.28 0.57 0.74
0.28 0.58 0.72
0.28 0.58 0.71
0.28 0.58 0.69
0.28 0.59 0.68
0.28 0.59 0.67
0.28 0.60 0.65
0.28 0.60 0.64
0.28 0.61 0.62
0.28 0.61 0.61
0.28 0.62 0.60
0.28 0.62 0.58
0.28 0.62 0.57
0.28 0.63 0.55
0.28 0.63 0.54
0.29 0.64 0.53
0.29 0.64 0.51
0.29 0.64 0.50
0.29 0.65 0.49
0.29 0.65 0.47
0.29 0.65 0.45
0.29 0.66 0.44
0.29 0.66 0.43
0.29 0.67 0.42
0.29 0.67 0.40
0.29 0.68 0.39
0.29 0.68 0.37
0.29 0.69 0.36
0.29 0.69 0.35
0.29 0.69 0.33
0.29 0.70 0.32
0.29 0.70 0.30
0.29 0.71 0.27
0.31 0.71 0.28
0.33 0.72 0.28
0.34 0.73 0.28
0.36 0.73 0.28
0.38 0.74 0.29
0.40 0.74 0.29
0.42 0.75 0.29
0.44 0.75 0.29
0.45 0.76 0.29
0.47 0.76 0.30
0.49 0.77 0.30
0.51 0.78 0.30
0.53 0.78 0.31
0.55 0.78 0.31
0.57 0.79 0.31
0.59 0.80 0.31
0.60 0.80 0.31
0.62 0.81 0.32
0.64 0.81 0.32
0.66 0.82 0.32
0.68 0.82 0.32
0.70 0.83 0.33
0.72 0.84 0.33
0.74 0.84 0.33
0.76 0.84 0.33
0.77 0.85 0.33
0.79 0.85 0.34
0.81 0.86 0.34
0.83 0.87 0.34
0.85 0.87 0.35
0.87 0.88 0.35
0.89 0.88 0.35
0.91 0.89 0.35
0.93 0.89 0.35
0.94 0.90 0.36
0.96 0.91 0.36
0.98 0.91 0.36
0.98 0.90 0.36
0.98 0.88 0.35
0.98 0.87 0.35
0.98 0.85 0.34
0.98 0.84 0.33
0.98 0.83 0.33
0.98 0.82 0.32
0.98 0.80 0.32
0.98 0.79 0.31
0.98 0.78 0.31
0.98 0.76 0.30
0.97 0.75 0.29
0.97 0.74 0.29
0.97 0.72 0.29
0.97 0.71 0.28
0.97 0.70 0.27
0.97 0.68 0.27
0.97 0.67 0.26
0.97 0.65 0.26
0.97 0.64 0.25
0.97 0.63 0.25
0.97 0.62 0.24
0.97 0.60 0.24
0.97 0.59 0.23
0.97 0.58 0.23
0.96 0.56 0.22
0.96 0.55 0.22
0.96 0.54 0.21
0.96 0.52 0.20
0.96 0.51 0.20
0.96 0.49 0.19
0.96 0.48 0.19
0.96 0.47 0.18
0.96 0.45 0.18
0.96 0.44 0.17
0.96 0.42 0.16
0.96 0.41 0.16
0.95 0.40 0.16
0.95 0.39 0.16
0.95 0.38 0.16
0.94 0.38 0.16
0.94 0.37 0.16
0.94 0.36 0.16
0.93 0.35 0.16
0.93 0.35 0.16
0.93 0.34 0.16
0.92 0.33 0.16
0.92 0.32 0.16
0.91 0.31 0.16
0.91 0.31 0.16
0.91 0.30 0.16
0.90 0.29 0.16
0.90 0.28 0.16
0.89 0.27 0.16
0.89 0.26 0.16
0.89 0.25 0.16
0.89 0.25 0.16
0.88 0.24 0.16
0.88 0.23 0.16
0.87 0.22 0.16
0.87 0.22 0.16
0.87 0.21 0.16
0.86 0.20 0.16
0.86 0.19 0.16
0.85 0.18 0.16
0.85 0.18 0.16
0.85 0.17 0.16
0.85 0.16 0.16
0.84 0.15 0.16
0.84 0.15 0.16
0.84 0.14 0.16
0.83 0.12 0.16
0.82 0.12 0.16
0.81 0.12 0.15
0.81 0.12 0.15
0.80 0.12 0.15
0.79 0.12 0.15
0.78 0.11 0.15
0.78 0.11 0.15
0.77 0.11 0.15
0.76 0.11 0.14
0.76 0.11 0.14
0.75 0.11 0.14
0.75 0.11 0.14
0.74 0.11 0.14
0.73 0.11 0.13
0.73 0.11 0.13
0.72 0.11 0.13
0.71 0.10 0.13
0.70 0.10 0.13
0.70 0.10 0.13
0.69 0.10 0.13
0.68 0.10 0.12
0.67 0.10 0.12
0.67 0.10 0.12
0.66 0.10 0.12
0.65 0.09 0.12
0.65 0.09 0.11
0.64 0.09 0.11
0.64 0.09 0.11
0.63 0.09 0.11
0.62 0.09 0.11
0.62 0.09 0.11
0.61 0.09 0.11
0.60 0.09 0.11
0.59 0.09 0.10
0.59 0.09 0.10
0.57 0.08 0.10
