#
# Color table from NCL 6.1.0:
#
# The NCAR Command Language (Version 6.0.0) [Software]. (2012). 
# Boulder, Colorado: UCAR/NCAR/CISL/VETS. http://dx.doi.org/10.5065/D6WD3XH5
#
# name: ncl_wxpEnIR
# description: NCL color table wxpEnIR
# source: NCL color table wxpEnIR
#
1.00 1.00 0.00
1.00 1.00 0.00
1.00 1.00 0.00
1.00 1.00 0.00
1.00 1.00 0.00
1.00 1.00 0.00
1.00 1.00 0.00
1.00 1.00 0.00
0.39 0.20 0.10
0.39 0.20 0.10
0.39 0.20 0.10
0.39 0.20 0.10
0.00 1.00 0.00
0.00 1.00 0.00
0.00 1.00 0.00
0.00 1.00 0.00
0.00 1.00 0.00
0.00 0.50 0.00
0.00 0.50 0.00
0.00 0.50 0.00
0.00 0.50 0.00
0.00 0.50 0.00
0.00 0.00 0.50
0.00 0.00 0.50
0.00 0.00 0.50
0.00 0.00 0.50
0.00 0.00 1.00
0.00 0.00 1.00
0.00 0.00 1.00
0.00 0.00 1.00
0.00 0.00 1.00
0.00 1.00 1.00
0.00 1.00 1.00
0.00 1.00 1.00
0.00 1.00 1.00
0.00 1.00 1.00
0.00 1.00 1.00
0.00 1.00 1.00
0.00 1.00 1.00
0.00 1.00 1.00
0.00 0.50 0.50
0.00 0.50 0.50
0.00 0.50 0.50
0.00 0.50 0.50
0.00 0.50 0.50
0.00 0.50 0.50
0.00 0.50 0.50
0.00 0.50 0.50
0.00 0.50 0.50
0.80 0.80 0.80
0.79 0.79 0.79
0.77 0.77 0.77
0.76 0.76 0.76
0.74 0.74 0.74
0.73 0.73 0.73
0.71 0.71 0.71
0.69 0.69 0.69
0.67 0.67 0.67
0.66 0.66 0.66
0.64 0.64 0.64
0.63 0.63 0.63
0.61 0.61 0.61
0.60 0.60 0.60
0.58 0.58 0.58
0.56 0.56 0.56
0.55 0.55 0.55
0.53 0.53 0.53
0.51 0.51 0.51
0.50 0.50 0.50
0.48 0.48 0.48
0.47 0.47 0.47
0.45 0.45 0.45
0.44 0.44 0.44
0.42 0.42 0.42
0.40 0.40 0.40
0.38 0.38 0.38
0.37 0.37 0.37
0.35 0.35 0.35
0.34 0.34 0.34
0.32 0.32 0.32
0.31 0.31 0.31
0.29 0.29 0.29
0.27 0.27 0.27
0.26 0.26 0.26
0.24 0.24 0.24
0.22 0.22 0.22
0.21 0.21 0.21
0.19 0.19 0.19
0.18 0.18 0.18
0.16 0.16 0.16
0.15 0.15 0.15
0.13 0.13 0.13
0.11 0.11 0.11
0.10 0.10 0.10
0.08 0.08 0.08
0.06 0.06 0.06
0.05 0.05 0.05
0.03 0.03 0.03
0.02 0.02 0.02
0.00 0.00 0.00
