#
# Color table from NCL 6.1.0:
#
# The NCAR Command Language (Version 6.0.0) [Software]. (2012). 
# Boulder, Colorado: UCAR/NCAR/CISL/VETS. http://dx.doi.org/10.5065/D6WD3XH5
#
# name: ncl_3saw
# description: NCL color table 3saw
# source: NCL color table 3saw
#
0.00 1.00 1.00
0.00 0.98 1.00
0.01 0.96 1.00
0.01 0.95 0.99
0.02 0.93 0.99
0.02 0.91 0.98
0.02 0.89 0.98
0.03 0.87 0.98
0.03 0.85 0.97
0.04 0.83 0.97
0.04 0.81 0.96
0.04 0.79 0.96
0.05 0.77 0.96
0.05 0.75 0.95
0.05 0.73 0.95
0.06 0.71 0.95
0.06 0.69 0.94
0.07 0.67 0.94
0.07 0.65 0.93
0.07 0.63 0.93
0.08 0.61 0.93
0.08 0.59 0.92
0.09 0.57 0.92
0.09 0.55 0.91
0.09 0.53 0.91
0.10 0.51 0.91
0.10 0.49 0.90
0.11 0.47 0.90
0.11 0.45 0.89
0.11 0.44 0.89
0.12 0.42 0.89
0.12 0.40 0.88
0.13 0.38 0.88
0.13 0.36 0.87
0.13 0.34 0.87
0.14 0.32 0.87
0.14 0.30 0.86
0.15 0.28 0.86
0.15 0.26 0.85
0.15 0.24 0.85
0.16 0.22 0.85
0.16 0.20 0.84
0.16 0.18 0.84
0.17 0.16 0.84
0.17 0.14 0.83
0.18 0.12 0.83
0.18 0.10 0.82
0.18 0.08 0.82
0.19 0.06 0.82
0.19 0.04 0.81
0.20 0.02 0.81
0.20 0.00 0.80
0.20 0.99 0.80
0.21 0.97 0.80
0.21 0.95 0.79
0.22 0.93 0.79
0.22 0.91 0.78
0.22 0.89 0.78
0.23 0.87 0.78
0.23 0.85 0.77
0.24 0.83 0.77
0.24 0.81 0.76
0.24 0.79 0.76
0.25 0.77 0.76
0.25 0.75 0.75
0.25 0.73 0.75
0.26 0.71 0.75
0.26 0.69 0.74
0.27 0.67 0.74
0.27 0.65 0.73
0.27 0.64 0.73
0.28 0.62 0.73
0.28 0.60 0.72
0.29 0.58 0.72
0.29 0.56 0.71
0.29 0.54 0.71
0.30 0.52 0.71
0.30 0.50 0.70
0.31 0.48 0.70
0.31 0.46 0.69
0.31 0.44 0.69
0.32 0.42 0.69
0.32 0.40 0.68
0.33 0.38 0.68
0.33 0.36 0.67
0.33 0.34 0.67
0.34 0.32 0.67
0.34 0.30 0.66
0.35 0.28 0.66
0.35 0.26 0.65
0.35 0.24 0.65
0.36 0.22 0.65
0.36 0.20 0.64
0.36 0.18 0.64
0.37 0.16 0.64
0.37 0.15 0.63
0.38 0.13 0.63
0.38 0.11 0.62
0.38 0.09 0.62
0.39 0.07 0.62
0.39 0.05 0.61
0.40 0.03 0.61
0.40 0.01 0.60
0.40 0.99 0.60
0.41 0.97 0.60
0.41 0.95 0.59
0.42 0.93 0.59
0.42 0.91 0.58
0.42 0.89 0.58
0.43 0.87 0.58
0.43 0.85 0.57
0.44 0.84 0.57
0.44 0.82 0.56
0.44 0.80 0.56
0.45 0.78 0.56
0.45 0.76 0.55
0.45 0.74 0.55
0.46 0.72 0.55
0.46 0.70 0.54
0.47 0.68 0.54
0.47 0.66 0.53
0.47 0.64 0.53
0.48 0.62 0.53
0.48 0.60 0.52
0.49 0.58 0.52
0.49 0.56 0.51
0.49 0.54 0.51
0.50 0.52 0.51
0.50 0.50 0.50
0.51 0.48 0.50
0.51 0.46 0.49
0.51 0.44 0.49
0.52 0.42 0.49
0.52 0.40 0.48
0.53 0.38 0.48
0.53 0.36 0.47
0.53 0.35 0.47
0.54 0.33 0.47
0.54 0.31 0.46
0.55 0.29 0.46
0.55 0.27 0.45
0.55 0.25 0.45
0.56 0.23 0.45
0.56 0.21 0.44
0.56 0.19 0.44
0.57 0.17 0.44
0.57 0.15 0.43
0.58 0.13 0.43
0.58 0.11 0.42
0.58 0.09 0.42
0.59 0.07 0.42
0.59 0.05 0.41
0.60 0.03 0.41
0.60 0.01 0.40
0.60 1.00 0.40
0.61 0.98 0.40
0.61 0.96 0.39
0.62 0.94 0.39
0.62 0.92 0.38
0.62 0.90 0.38
0.63 0.88 0.38
0.63 0.86 0.37
0.64 0.84 0.37
0.64 0.82 0.36
0.64 0.80 0.36
0.65 0.78 0.36
0.65 0.76 0.35
0.65 0.74 0.35
0.66 0.72 0.35
0.66 0.70 0.34
0.67 0.68 0.34
0.67 0.66 0.33
0.67 0.64 0.33
0.68 0.62 0.33
0.68 0.60 0.32
0.69 0.58 0.32
0.69 0.56 0.31
0.69 0.55 0.31
0.70 0.53 0.31
0.70 0.51 0.30
0.71 0.49 0.30
0.71 0.47 0.29
0.71 0.45 0.29
0.72 0.43 0.29
0.72 0.41 0.28
0.73 0.39 0.28
0.73 0.37 0.27
0.73 0.35 0.27
0.74 0.33 0.27
0.74 0.31 0.26
0.75 0.29 0.26
0.75 0.27 0.25
0.75 0.25 0.25
0.76 0.23 0.25
0.76 0.21 0.24
0.76 0.19 0.24
0.77 0.17 0.24
0.77 0.15 0.23
0.78 0.13 0.23
0.78 0.11 0.22
0.78 0.09 0.22
0.79 0.07 0.22
0.79 0.05 0.21
0.80 0.04 0.21
0.80 0.02 0.20
0.80 1.00 0.20
0.81 0.98 0.20
0.81 0.96 0.19
0.82 0.94 0.19
0.82 0.92 0.18
0.82 0.90 0.18
0.83 0.88 0.18
0.83 0.86 0.17
0.84 0.84 0.17
0.84 0.82 0.16
0.84 0.80 0.16
0.85 0.78 0.16
0.85 0.76 0.15
0.85 0.75 0.15
0.86 0.73 0.15
0.86 0.71 0.14
0.87 0.69 0.14
0.87 0.67 0.13
0.87 0.65 0.13
0.88 0.63 0.13
0.88 0.61 0.12
0.89 0.59 0.12
0.89 0.57 0.11
0.89 0.55 0.11
0.90 0.53 0.11
0.90 0.51 0.10
0.91 0.49 0.10
0.91 0.47 0.09
0.91 0.45 0.09
0.92 0.43 0.09
0.92 0.41 0.08
0.93 0.39 0.08
0.93 0.37 0.07
0.93 0.35 0.07
0.94 0.33 0.07
0.94 0.31 0.06
0.95 0.29 0.06
0.95 0.27 0.05
0.95 0.25 0.05
0.96 0.24 0.05
0.96 0.22 0.04
0.96 0.20 0.04
0.97 0.18 0.04
0.97 0.16 0.03
0.98 0.14 0.03
0.98 0.12 0.02
0.98 0.10 0.02
0.99 0.08 0.02
0.99 0.06 0.01
1.00 0.04 0.01
1.00 0.02 0.00
