#
# Color table from NCL 6.1.0:
#
# The NCAR Command Language (Version 6.0.0) [Software]. (2012). 
# Boulder, Colorado: UCAR/NCAR/CISL/VETS. http://dx.doi.org/10.5065/D6WD3XH5
#
# name: ncl_detail
# description: NCL color table detail
# source: NCL color table detail
#
0.00 0.00 1.00
0.00 0.04 1.00
0.00 0.08 1.00
0.01 0.16 0.99
0.01 0.24 0.99
0.02 0.31 0.98
0.02 0.45 0.98
0.02 0.57 0.98
0.03 0.69 0.97
0.03 0.79 0.97
0.04 0.88 0.96
0.04 0.95 0.96
0.04 0.98 0.96
0.05 0.99 0.95
0.05 0.97 0.95
0.05 0.92 0.95
0.06 0.85 0.94
0.06 0.75 0.94
0.07 0.64 0.93
0.07 0.52 0.93
0.07 0.40 0.93
0.08 0.28 0.92
0.08 0.18 0.92
0.09 0.09 0.91
0.09 0.04 0.91
0.09 0.00 0.91
0.10 0.00 0.90
0.10 0.03 0.90
0.11 0.08 0.89
0.11 0.16 0.89
0.11 0.26 0.89
0.12 0.38 0.88
0.12 0.49 0.88
0.13 0.62 0.87
0.13 0.73 0.87
0.13 0.83 0.87
0.14 0.91 0.86
0.14 0.96 0.86
0.15 0.99 0.85
0.15 0.99 0.85
0.15 0.96 0.85
0.16 0.90 0.84
0.16 0.81 0.84
0.16 0.71 0.84
0.17 0.59 0.83
0.17 0.47 0.83
0.18 0.35 0.82
0.18 0.24 0.82
0.18 0.15 0.82
0.19 0.07 0.81
0.19 0.02 0.81
0.20 0.00 0.80
0.20 0.01 0.80
0.20 0.05 0.80
0.21 0.11 0.79
0.21 0.20 0.79
0.22 0.31 0.78
0.22 0.42 0.78
0.22 0.55 0.78
0.23 0.66 0.77
0.23 0.77 0.77
0.24 0.87 0.76
0.24 0.94 0.76
0.24 0.98 0.76
0.25 1.00 0.75
0.25 0.98 0.75
0.25 0.94 0.75
0.26 0.87 0.74
0.26 0.77 0.74
0.27 0.66 0.73
0.27 0.55 0.73
0.27 0.42 0.73
0.28 0.31 0.72
0.28 0.20 0.72
0.29 0.11 0.71
0.29 0.05 0.71
0.29 0.01 0.71
0.30 0.00 0.70
0.30 0.02 0.70
0.31 0.07 0.69
0.31 0.15 0.69
0.31 0.24 0.69
0.32 0.35 0.68
0.32 0.47 0.68
0.33 0.59 0.67
0.33 0.71 0.67
0.33 0.81 0.67
0.34 0.90 0.66
0.34 0.96 0.66
0.35 0.99 0.65
0.35 0.99 0.65
0.35 0.96 0.65
0.36 0.91 0.64
0.36 0.83 0.64
0.36 0.73 0.64
0.37 0.62 0.63
0.37 0.50 0.63
0.38 0.38 0.62
0.38 0.26 0.62
0.38 0.16 0.62
0.39 0.08 0.61
0.39 0.03 0.61
0.40 0.00 0.60
0.40 0.00 0.60
0.40 0.04 0.60
0.41 0.09 0.59
0.41 0.18 0.59
0.42 0.28 0.58
0.42 0.40 0.58
0.42 0.52 0.58
0.43 0.64 0.57
0.43 0.75 0.57
0.44 0.85 0.56
0.44 0.92 0.56
0.44 0.97 0.56
0.45 0.99 0.55
0.45 0.98 0.55
0.45 0.95 0.55
0.46 0.88 0.54
0.46 0.79 0.54
0.47 0.69 0.53
0.47 0.57 0.53
0.47 0.45 0.53
0.48 0.33 0.52
0.48 0.22 0.52
0.49 0.13 0.51
0.49 0.05 0.51
0.49 0.01 0.51
0.50 0.00 0.50
0.50 0.01 0.50
0.51 0.05 0.49
0.51 0.13 0.49
0.51 0.22 0.49
0.52 0.33 0.48
0.52 0.45 0.48
0.53 0.57 0.47
0.53 0.69 0.47
0.53 0.79 0.47
0.54 0.88 0.46
0.54 0.95 0.46
0.55 0.98 0.45
0.55 0.99 0.45
0.55 0.97 0.45
0.56 0.92 0.44
0.56 0.85 0.44
0.56 0.75 0.44
0.57 0.64 0.43
0.57 0.52 0.43
0.58 0.40 0.42
0.58 0.28 0.42
0.58 0.18 0.42
0.59 0.09 0.41
0.59 0.04 0.41
0.60 0.00 0.40
0.60 0.00 0.40
0.60 0.03 0.40
0.61 0.08 0.39
0.61 0.16 0.39
0.62 0.26 0.38
0.62 0.38 0.38
0.62 0.49 0.38
0.63 0.62 0.37
0.63 0.73 0.37
0.64 0.83 0.36
0.64 0.91 0.36
0.64 0.96 0.36
0.65 0.99 0.35
0.65 0.99 0.35
0.65 0.96 0.35
0.66 0.90 0.34
0.66 0.81 0.34
0.67 0.71 0.33
0.67 0.59 0.33
0.67 0.47 0.33
0.68 0.35 0.32
0.68 0.24 0.32
0.69 0.15 0.31
0.69 0.07 0.31
0.69 0.02 0.31
0.70 0.00 0.30
0.70 0.01 0.30
0.71 0.05 0.29
0.71 0.11 0.29
0.71 0.20 0.29
0.72 0.31 0.28
0.72 0.42 0.28
0.73 0.55 0.27
0.73 0.66 0.27
0.73 0.77 0.27
0.74 0.87 0.26
0.74 0.94 0.26
0.75 0.98 0.25
0.75 1.00 0.25
0.75 0.98 0.25
0.76 0.94 0.24
0.76 0.87 0.24
0.76 0.77 0.24
0.77 0.66 0.23
0.77 0.55 0.23
0.78 0.42 0.22
0.78 0.31 0.22
0.78 0.20 0.22
0.79 0.11 0.21
0.79 0.05 0.21
0.80 0.01 0.20
0.80 0.00 0.20
0.80 0.02 0.20
0.81 0.07 0.19
0.81 0.15 0.19
0.82 0.24 0.18
0.82 0.35 0.18
0.82 0.47 0.18
0.83 0.59 0.17
0.83 0.71 0.17
0.84 0.81 0.16
0.84 0.90 0.16
0.84 0.96 0.16
0.85 0.99 0.15
0.85 0.99 0.15
0.85 0.96 0.15
0.86 0.91 0.14
0.86 0.83 0.14
0.87 0.73 0.13
0.87 0.62 0.13
0.87 0.50 0.13
0.88 0.38 0.12
0.88 0.26 0.12
0.89 0.16 0.11
0.89 0.08 0.11
0.89 0.03 0.11
0.90 0.00 0.10
0.90 0.00 0.10
0.91 0.04 0.09
0.91 0.09 0.09
0.91 0.18 0.09
0.92 0.28 0.08
0.92 0.40 0.08
0.93 0.52 0.07
0.93 0.64 0.07
0.93 0.75 0.07
0.94 0.85 0.06
0.94 0.92 0.06
0.95 0.97 0.05
0.95 0.99 0.05
0.95 0.98 0.05
0.96 0.95 0.04
0.96 0.88 0.04
0.96 0.79 0.04
0.97 0.69 0.03
0.97 0.57 0.03
0.98 0.45 0.02
0.98 0.33 0.02
0.98 0.22 0.02
0.99 0.13 0.01
0.99 0.05 0.01
1.00 0.00 0.00
