#
# Color table from NCL 6.1.0:
#
# The NCAR Command Language (Version 6.0.0) [Software]. (2012). 
# Boulder, Colorado: UCAR/NCAR/CISL/VETS. http://dx.doi.org/10.5065/D6WD3XH5
#
# name: ncl_BlGrYeOrReVi200
# description: NCL color table BlGrYeOrReVi200
# source: NCL color table BlGrYeOrReVi200
#
0.00 0.00 1.00
0.00 0.02 0.98
0.00 0.04 0.95
0.00 0.05 0.93
0.00 0.07 0.91
0.00 0.09 0.88
0.00 0.11 0.86
0.00 0.12 0.84
0.01 0.14 0.81
0.01 0.16 0.79
0.01 0.18 0.76
0.01 0.19 0.74
0.01 0.21 0.72
0.01 0.23 0.69
0.01 0.25 0.67
0.01 0.26 0.65
0.01 0.28 0.62
0.01 0.30 0.60
0.02 0.32 0.58
0.02 0.33 0.55
0.02 0.35 0.53
0.02 0.37 0.51
0.02 0.38 0.48
0.02 0.40 0.46
0.02 0.42 0.44
0.02 0.44 0.41
0.02 0.45 0.39
0.02 0.47 0.36
0.02 0.49 0.34
0.02 0.51 0.32
0.02 0.53 0.29
0.02 0.55 0.27
0.02 0.56 0.25
0.03 0.58 0.22
0.03 0.60 0.20
0.03 0.62 0.18
0.03 0.63 0.15
0.03 0.65 0.13
0.03 0.67 0.11
0.03 0.69 0.08
0.03 0.70 0.06
0.05 0.71 0.06
0.08 0.72 0.05
0.11 0.73 0.05
0.13 0.73 0.05
0.15 0.74 0.05
0.18 0.75 0.05
0.20 0.75 0.05
0.22 0.76 0.05
0.25 0.77 0.05
0.27 0.78 0.04
0.30 0.78 0.04
0.32 0.79 0.04
0.35 0.80 0.04
0.37 0.81 0.04
0.40 0.82 0.04
0.42 0.82 0.04
0.44 0.83 0.04
0.47 0.84 0.03
0.49 0.84 0.03
0.52 0.85 0.03
0.54 0.86 0.03
0.56 0.87 0.03
0.59 0.87 0.02
0.61 0.88 0.02
0.64 0.89 0.02
0.66 0.89 0.02
0.69 0.90 0.02
0.71 0.91 0.02
0.73 0.92 0.02
0.76 0.93 0.02
0.78 0.93 0.01
0.81 0.94 0.01
0.83 0.95 0.01
0.85 0.96 0.01
0.88 0.96 0.01
0.90 0.97 0.01
0.93 0.98 0.00
0.95 0.98 0.00
0.98 0.99 0.00
1.00 1.00 0.00
1.00 0.99 0.00
1.00 0.98 0.00
1.00 0.97 0.00
1.00 0.96 0.00
1.00 0.95 0.00
1.00 0.95 0.00
1.00 0.94 0.00
1.00 0.93 0.00
1.00 0.92 0.00
1.00 0.91 0.00
1.00 0.90 0.00
1.00 0.89 0.00
1.00 0.88 0.00
1.00 0.87 0.00
1.00 0.86 0.00
1.00 0.85 0.00
1.00 0.85 0.00
1.00 0.84 0.00
1.00 0.83 0.00
1.00 0.82 0.00
1.00 0.81 0.00
1.00 0.80 0.00
1.00 0.79 0.00
1.00 0.78 0.00
1.00 0.77 0.00
1.00 0.76 0.00
1.00 0.76 0.00
1.00 0.75 0.00
1.00 0.74 0.00
1.00 0.73 0.00
1.00 0.72 0.00
1.00 0.71 0.00
1.00 0.70 0.00
1.00 0.69 0.00
1.00 0.68 0.00
1.00 0.67 0.00
1.00 0.67 0.00
1.00 0.65 0.00
1.00 0.65 0.00
1.00 0.63 0.00
1.00 0.62 0.00
1.00 0.60 0.00
1.00 0.58 0.00
1.00 0.56 0.00
1.00 0.55 0.00
1.00 0.53 0.00
1.00 0.52 0.00
1.00 0.50 0.00
1.00 0.49 0.00
1.00 0.47 0.00
1.00 0.45 0.00
1.00 0.44 0.00
1.00 0.42 0.00
1.00 0.40 0.00
1.00 0.39 0.00
1.00 0.37 0.00
1.00 0.36 0.00
1.00 0.34 0.00
1.00 0.33 0.00
1.00 0.31 0.00
1.00 0.29 0.00
1.00 0.27 0.00
1.00 0.26 0.00
1.00 0.24 0.00
1.00 0.23 0.00
1.00 0.21 0.00
1.00 0.20 0.00
1.00 0.18 0.00
1.00 0.16 0.00
1.00 0.15 0.00
1.00 0.13 0.00
1.00 0.11 0.00
1.00 0.10 0.00
1.00 0.08 0.00
1.00 0.07 0.00
1.00 0.05 0.00
1.00 0.03 0.00
1.00 0.02 0.00
1.00 0.00 0.00
0.98 0.00 0.01
0.97 0.00 0.03
0.95 0.00 0.04
0.93 0.00 0.05
0.92 0.00 0.07
0.90 0.00 0.08
0.89 0.00 0.09
0.87 0.00 0.11
0.85 0.00 0.12
0.84 0.00 0.13
0.82 0.00 0.15
0.80 0.00 0.16
0.78 0.00 0.17
0.77 0.00 0.19
0.75 0.00 0.20
0.74 0.00 0.21
0.72 0.00 0.23
0.70 0.00 0.24
0.69 0.00 0.25
0.67 0.00 0.27
0.65 0.00 0.28
0.64 0.00 0.29
0.62 0.00 0.31
0.60 0.00 0.32
0.59 0.00 0.33
0.57 0.00 0.35
0.56 0.00 0.36
0.54 0.00 0.37
0.52 0.00 0.39
0.51 0.00 0.40
0.49 0.00 0.41
0.47 0.00 0.43
0.45 0.00 0.44
0.44 0.00 0.45
0.42 0.00 0.47
0.41 0.00 0.48
0.39 0.00 0.49
0.37 0.00 0.51
0.36 0.00 0.52
0.34 0.00 0.53
