#
# Color table from NCL 6.1.0:
#
# The NCAR Command Language (Version 6.0.0) [Software]. (2012). 
# Boulder, Colorado: UCAR/NCAR/CISL/VETS. http://dx.doi.org/10.5065/D6WD3XH5
#
# name: ncl_tbr_var_0-500
# description: NCL color table tbr_var_0-500
# source: NCL color table tbr_var_0-500
#
0.00 0.00 0.00
0.00 0.00 0.00
0.00 0.00 0.00
0.00 0.00 0.00
0.00 0.00 0.00
0.00 0.00 0.00
0.00 0.00 0.00
0.00 0.00 0.00
0.00 0.00 0.00
0.00 0.00 0.00
0.04 0.00 0.05
0.07 0.00 0.11
0.10 0.00 0.16
0.14 0.00 0.21
0.17 0.00 0.27
0.20 0.00 0.32
0.24 0.00 0.37
0.27 0.00 0.43
0.31 0.00 0.48
0.34 0.00 0.53
0.34 0.00 0.53
0.34 0.00 0.53
0.34 0.00 0.53
0.34 0.00 0.53
0.34 0.00 0.53
0.34 0.00 0.53
0.34 0.00 0.53
0.34 0.00 0.53
0.34 0.00 0.53
0.34 0.00 0.53
0.34 0.00 0.53
0.34 0.00 0.53
0.34 0.00 0.53
0.34 0.00 0.53
0.34 0.00 0.53
0.34 0.00 0.53
0.34 0.00 0.53
0.34 0.00 0.53
0.34 0.00 0.53
0.34 0.00 0.53
0.34 0.00 0.53
0.34 0.00 0.53
0.34 0.00 0.53
0.34 0.00 0.53
0.33 0.04 0.51
0.31 0.07 0.49
0.30 0.10 0.47
0.28 0.13 0.44
0.27 0.17 0.42
0.25 0.20 0.40
0.24 0.24 0.38
0.22 0.27 0.35
0.21 0.30 0.33
0.19 0.33 0.31
0.18 0.37 0.29
0.16 0.40 0.26
0.15 0.44 0.24
0.13 0.47 0.22
0.12 0.50 0.20
0.11 0.53 0.17
0.09 0.57 0.15
0.07 0.60 0.13
0.06 0.64 0.11
0.05 0.67 0.08
0.03 0.70 0.06
0.03 0.70 0.06
0.03 0.70 0.06
0.03 0.70 0.06
0.03 0.70 0.06
0.03 0.70 0.06
0.03 0.70 0.06
0.03 0.70 0.06
0.03 0.70 0.06
0.03 0.70 0.06
0.08 0.72 0.05
0.13 0.73 0.05
0.18 0.75 0.05
0.24 0.76 0.05
0.29 0.78 0.04
0.34 0.80 0.04
0.39 0.81 0.04
0.44 0.83 0.04
0.49 0.84 0.03
0.54 0.86 0.03
0.59 0.87 0.02
0.64 0.89 0.02
0.69 0.91 0.02
0.75 0.92 0.02
0.80 0.94 0.01
0.85 0.95 0.01
0.90 0.97 0.01
0.95 0.98 0.00
1.00 1.00 0.00
1.00 1.00 0.00
1.00 1.00 0.00
1.00 1.00 0.00
1.00 1.00 0.00
1.00 1.00 0.00
1.00 1.00 0.00
1.00 1.00 0.00
1.00 1.00 0.00
1.00 0.98 0.00
1.00 0.95 0.00
1.00 0.93 0.00
1.00 0.91 0.00
1.00 0.88 0.00
1.00 0.86 0.00
1.00 0.84 0.00
1.00 0.81 0.00
1.00 0.78 0.00
1.00 0.76 0.00
1.00 0.74 0.00
1.00 0.71 0.00
1.00 0.69 0.00
1.00 0.67 0.00
1.00 0.64 0.00
1.00 0.62 0.00
1.00 0.60 0.00
1.00 0.57 0.00
1.00 0.55 0.00
1.00 0.53 0.00
1.00 0.50 0.00
1.00 0.47 0.00
1.00 0.45 0.00
1.00 0.43 0.00
1.00 0.40 0.00
1.00 0.38 0.00
1.00 0.36 0.00
1.00 0.33 0.00
1.00 0.31 0.00
1.00 0.29 0.00
1.00 0.26 0.00
1.00 0.24 0.00
1.00 0.22 0.00
1.00 0.19 0.00
1.00 0.17 0.00
1.00 0.14 0.00
1.00 0.12 0.00
1.00 0.09 0.00
1.00 0.07 0.00
1.00 0.05 0.00
1.00 0.02 0.00
1.00 0.00 0.00
1.00 0.00 0.00
1.00 0.00 0.00
1.00 0.00 0.00
1.00 0.00 0.00
1.00 0.00 0.00
1.00 0.00 0.00
1.00 0.00 0.00
1.00 0.00 0.00
1.00 0.00 0.00
1.00 0.00 0.00
1.00 0.00 0.00
1.00 0.00 0.00
1.00 0.00 0.00
1.00 0.00 0.00
1.00 0.03 0.09
0.99 0.06 0.19
0.98 0.09 0.28
0.98 0.13 0.38
0.97 0.16 0.47
0.96 0.19 0.56
0.96 0.22 0.66
0.95 0.25 0.75
0.95 0.28 0.85
0.94 0.31 0.94
0.94 0.31 0.94
0.94 0.31 0.94
0.94 0.31 0.94
0.94 0.31 0.94
0.94 0.31 0.94
0.94 0.31 0.94
0.94 0.31 0.94
0.94 0.31 0.94
0.94 0.31 0.94
0.95 0.34 0.95
0.95 0.37 0.95
0.95 0.40 0.95
0.95 0.43 0.95
0.95 0.45 0.95
0.96 0.49 0.96
0.96 0.51 0.96
0.96 0.54 0.96
0.96 0.57 0.96
0.96 0.60 0.96
0.97 0.63 0.97
0.97 0.66 0.97
0.97 0.69 0.97
0.98 0.71 0.98
0.98 0.74 0.98
0.98 0.77 0.98
0.98 0.80 0.98
0.98 0.83 0.98
0.99 0.86 0.99
0.99 0.89 0.99
0.99 0.91 0.99
1.00 0.94 1.00
1.00 0.97 1.00
1.00 1.00 1.00
