#
# Color table from NCL 6.1.0:
#
# The NCAR Command Language (Version 6.0.0) [Software]. (2012). 
# Boulder, Colorado: UCAR/NCAR/CISL/VETS. http://dx.doi.org/10.5065/D6WD3XH5
#
# name: ncl_tbr_240-300
# description: NCL color table tbr_240-300
# source: NCL color table tbr_240-300
#
0.00 0.00 0.00
0.00 0.00 0.00
0.00 0.00 0.00
0.00 0.00 0.00
0.00 0.00 0.00
0.00 0.00 0.00
0.00 0.00 0.00
0.00 0.00 0.00
0.00 0.00 0.00
0.00 0.00 0.00
0.00 0.00 0.00
0.00 0.00 0.00
0.00 0.00 0.00
0.04 0.00 0.06
0.07 0.00 0.12
0.11 0.00 0.18
0.15 0.00 0.24
0.19 0.00 0.30
0.23 0.00 0.36
0.27 0.00 0.42
0.30 0.00 0.47
0.34 0.00 0.53
0.34 0.00 0.53
0.34 0.00 0.53
0.34 0.00 0.53
0.34 0.00 0.53
0.34 0.00 0.53
0.34 0.00 0.53
0.34 0.00 0.53
0.34 0.00 0.53
0.34 0.00 0.53
0.34 0.00 0.53
0.34 0.00 0.53
0.34 0.00 0.53
0.34 0.00 0.53
0.34 0.00 0.53
0.34 0.00 0.53
0.34 0.00 0.53
0.34 0.00 0.53
0.34 0.00 0.53
0.34 0.00 0.53
0.34 0.00 0.53
0.34 0.00 0.53
0.34 0.00 0.53
0.34 0.00 0.53
0.34 0.00 0.53
0.33 0.02 0.52
0.33 0.04 0.51
0.31 0.06 0.49
0.31 0.08 0.48
0.30 0.10 0.47
0.29 0.12 0.45
0.28 0.14 0.44
0.27 0.16 0.43
0.26 0.18 0.42
0.25 0.20 0.40
0.25 0.22 0.39
0.24 0.24 0.38
0.23 0.25 0.36
0.22 0.27 0.35
0.21 0.29 0.34
0.20 0.31 0.32
0.20 0.33 0.31
0.19 0.35 0.30
0.18 0.37 0.28
0.17 0.39 0.27
0.16 0.41 0.25
0.15 0.43 0.24
0.15 0.45 0.23
0.13 0.47 0.22
0.13 0.49 0.20
0.12 0.51 0.19
0.11 0.53 0.18
0.10 0.55 0.16
0.09 0.56 0.15
0.08 0.58 0.14
0.07 0.60 0.13
0.07 0.62 0.11
0.06 0.64 0.10
0.05 0.66 0.09
0.04 0.68 0.07
0.03 0.70 0.06
0.03 0.70 0.06
0.03 0.70 0.06
0.03 0.70 0.06
0.03 0.70 0.06
0.03 0.70 0.06
0.03 0.70 0.06
0.03 0.70 0.06
0.03 0.70 0.06
0.03 0.70 0.06
0.03 0.70 0.06
0.03 0.70 0.06
0.06 0.71 0.06
0.09 0.72 0.05
0.11 0.73 0.05
0.14 0.73 0.05
0.16 0.75 0.05
0.19 0.75 0.05
0.22 0.76 0.05
0.25 0.77 0.05
0.27 0.78 0.04
0.30 0.78 0.04
0.33 0.79 0.04
0.35 0.80 0.04
0.38 0.81 0.04
0.41 0.82 0.04
0.44 0.83 0.04
0.46 0.84 0.03
0.49 0.84 0.03
0.52 0.85 0.03
0.54 0.86 0.03
0.57 0.87 0.03
0.60 0.87 0.02
0.62 0.88 0.02
0.65 0.89 0.02
0.68 0.90 0.02
0.71 0.91 0.02
0.73 0.92 0.02
0.76 0.93 0.02
0.78 0.93 0.01
0.81 0.94 0.01
0.84 0.95 0.01
0.87 0.96 0.01
0.89 0.97 0.01
0.92 0.98 0.00
0.95 0.98 0.00
0.97 0.99 0.00
1.00 1.00 0.00
1.00 1.00 0.00
1.00 1.00 0.00
1.00 0.96 0.00
1.00 0.93 0.00
1.00 0.90 0.00
1.00 0.86 0.00
1.00 0.83 0.00
1.00 0.79 0.00
1.00 0.76 0.00
1.00 0.73 0.00
1.00 0.69 0.00
1.00 0.65 0.00
1.00 0.62 0.00
1.00 0.58 0.00
1.00 0.55 0.00
1.00 0.52 0.00
1.00 0.48 0.00
1.00 0.45 0.00
1.00 0.42 0.00
1.00 0.38 0.00
1.00 0.35 0.00
1.00 0.31 0.00
1.00 0.27 0.00
1.00 0.24 0.00
1.00 0.21 0.00
1.00 0.17 0.00
1.00 0.14 0.00
1.00 0.10 0.00
1.00 0.07 0.00
1.00 0.04 0.00
1.00 0.00 0.00
1.00 0.01 0.04
1.00 0.03 0.08
0.99 0.04 0.12
0.99 0.05 0.16
0.99 0.07 0.20
0.98 0.08 0.25
0.98 0.09 0.29
0.98 0.11 0.33
0.98 0.12 0.37
0.97 0.14 0.41
0.97 0.15 0.45
0.97 0.16 0.49
0.97 0.18 0.53
0.96 0.19 0.57
0.96 0.20 0.62
0.96 0.22 0.65
0.96 0.23 0.69
0.95 0.25 0.74
0.95 0.26 0.78
0.95 0.27 0.82
0.95 0.29 0.86
0.95 0.30 0.90
0.94 0.31 0.94
0.95 0.35 0.95
0.95 0.40 0.95
0.95 0.44 0.95
0.96 0.47 0.96
0.96 0.51 0.96
0.96 0.56 0.96
0.96 0.60 0.96
0.97 0.64 0.97
0.97 0.68 0.97
0.98 0.72 0.98
0.98 0.76 0.98
0.98 0.80 0.98
0.98 0.84 0.98
0.99 0.88 0.99
0.99 0.92 0.99
1.00 0.96 1.00
1.00 1.00 1.00
