#
# Color table from NCL 6.1.0:
#
# The NCAR Command Language (Version 6.0.0) [Software]. (2012). 
# Boulder, Colorado: UCAR/NCAR/CISL/VETS. http://dx.doi.org/10.5065/D6WD3XH5
#
# name: ncl_rainbow+gray
# description: NCL color table rainbow+gray
# source: NCL color table rainbow+gray
#
0.00 0.00 0.00
0.02 0.00 0.01
0.04 0.00 0.03
0.05 0.00 0.04
0.07 0.00 0.05
0.09 0.00 0.07
0.11 0.00 0.09
0.12 0.00 0.11
0.14 0.00 0.13
0.16 0.00 0.15
0.18 0.00 0.17
0.20 0.00 0.19
0.23 0.00 0.23
0.25 0.00 0.27
0.27 0.00 0.28
0.27 0.00 0.30
0.28 0.00 0.32
0.29 0.00 0.34
0.30 0.00 0.36
0.31 0.00 0.37
0.31 0.00 0.39
0.32 0.00 0.41
0.33 0.00 0.43
0.33 0.00 0.46
0.34 0.00 0.48
0.35 0.00 0.52
0.34 0.00 0.53
0.34 0.00 0.55
0.34 0.00 0.57
0.34 0.00 0.59
0.33 0.00 0.60
0.33 0.00 0.62
0.33 0.00 0.64
0.33 0.00 0.66
0.31 0.00 0.69
0.31 0.00 0.71
0.30 0.00 0.73
0.30 0.00 0.75
0.27 0.00 0.78
0.27 0.00 0.80
0.26 0.00 0.82
0.24 0.00 0.84
0.23 0.00 0.85
0.22 0.00 0.87
0.18 0.00 0.91
0.17 0.00 0.93
0.16 0.00 0.95
0.14 0.00 0.96
0.13 0.00 0.98
0.10 0.00 1.00
0.06 0.00 1.00
0.05 0.00 1.00
0.02 0.00 1.00
0.00 0.00 1.00
0.00 0.02 1.00
0.00 0.06 1.00
0.00 0.08 1.00
0.00 0.10 1.00
0.00 0.11 1.00
0.00 0.15 1.00
0.00 0.16 1.00
0.00 0.18 1.00
0.00 0.20 1.00
0.00 0.25 1.00
0.00 0.26 1.00
0.00 0.28 1.00
0.00 0.33 1.00
0.00 0.35 1.00
0.00 0.36 1.00
0.00 0.38 1.00
0.00 0.42 1.00
0.00 0.43 1.00
0.00 0.45 1.00
0.00 0.47 1.00
0.00 0.50 1.00
0.00 0.53 1.00
0.00 0.55 1.00
0.00 0.60 1.00
0.00 0.62 1.00
0.00 0.63 1.00
0.00 0.65 1.00
0.00 0.68 1.00
0.00 0.70 1.00
0.00 0.71 1.00
0.00 0.73 1.00
0.00 0.76 1.00
0.00 0.78 1.00
0.00 0.85 1.00
0.00 0.86 1.00
0.00 0.88 1.00
0.00 0.90 1.00
0.00 0.91 1.00
0.00 0.95 1.00
0.00 0.96 1.00
0.00 0.98 1.00
0.00 1.00 1.00
0.00 1.00 0.96
0.00 1.00 0.95
0.00 1.00 0.93
0.00 1.00 0.88
0.00 1.00 0.85
0.00 1.00 0.83
0.00 1.00 0.80
0.00 1.00 0.78
0.00 1.00 0.76
0.00 1.00 0.75
0.00 1.00 0.73
0.00 1.00 0.70
0.00 1.00 0.68
0.00 1.00 0.67
0.00 1.00 0.62
0.00 1.00 0.60
0.00 1.00 0.56
0.00 1.00 0.53
0.00 1.00 0.51
0.00 1.00 0.50
0.00 1.00 0.48
0.00 1.00 0.45
0.00 1.00 0.43
0.00 1.00 0.42
0.00 1.00 0.40
0.00 1.00 0.35
0.00 1.00 0.33
0.00 1.00 0.31
0.00 1.00 0.30
0.00 1.00 0.25
0.00 1.00 0.23
0.00 1.00 0.22
0.00 1.00 0.18
0.00 1.00 0.16
0.00 1.00 0.15
0.00 1.00 0.10
0.00 1.00 0.08
0.00 1.00 0.06
0.00 1.00 0.05
0.00 1.00 0.03
0.00 1.00 0.00
0.03 1.00 0.00
0.05 1.00 0.00
0.08 1.00 0.00
0.10 1.00 0.00
0.11 1.00 0.00
0.16 1.00 0.00
0.18 1.00 0.00
0.20 1.00 0.00
0.22 1.00 0.00
0.25 1.00 0.00
0.26 1.00 0.00
0.28 1.00 0.00
0.30 1.00 0.00
0.35 1.00 0.00
0.36 1.00 0.00
0.38 1.00 0.00
0.43 1.00 0.00
0.45 1.00 0.00
0.47 1.00 0.00
0.48 1.00 0.00
0.51 1.00 0.00
0.53 1.00 0.00
0.55 1.00 0.00
0.56 1.00 0.00
0.60 1.00 0.00
0.63 1.00 0.00
0.65 1.00 0.00
0.70 1.00 0.00
0.71 1.00 0.00
0.73 1.00 0.00
0.75 1.00 0.00
0.78 1.00 0.00
0.80 1.00 0.00
0.82 1.00 0.00
0.83 1.00 0.00
0.87 1.00 0.00
0.88 1.00 0.00
0.95 1.00 0.00
0.96 1.00 0.00
0.98 1.00 0.00
1.00 1.00 0.00
1.00 0.98 0.00
1.00 0.95 0.00
1.00 0.93 0.00
1.00 0.91 0.00
1.00 0.90 0.00
1.00 0.87 0.00
1.00 0.85 0.00
1.00 0.83 0.00
1.00 0.78 0.00
1.00 0.75 0.00
1.00 0.73 0.00
1.00 0.70 0.00
1.00 0.68 0.00
1.00 0.67 0.00
1.00 0.65 0.00
1.00 0.63 0.00
1.00 0.60 0.00
1.00 0.58 0.00
1.00 0.56 0.00
1.00 0.51 0.00
1.00 0.50 0.00
1.00 0.47 0.00
1.00 0.43 0.00
1.00 0.42 0.00
1.00 0.40 0.00
1.00 0.38 0.00
1.00 0.35 0.00
1.00 0.33 0.00
1.00 0.31 0.00
1.00 0.30 0.00
1.00 0.25 0.00
1.00 0.23 0.00
1.00 0.22 0.00
1.00 0.20 0.00
1.00 0.15 0.00
1.00 0.13 0.00
1.00 0.11 0.00
1.00 0.08 0.00
1.00 0.07 0.00
1.00 0.05 0.00
1.00 0.00 0.00
1.00 0.00 0.00
1.00 0.00 0.00
1.00 0.00 0.00
1.00 0.00 0.00
1.00 0.00 0.00
1.00 0.00 0.00
1.00 0.00 0.00
1.00 0.00 0.00
1.00 0.00 0.00
1.00 0.00 0.00
1.00 0.00 0.00
1.00 0.00 0.00
1.00 0.00 0.00
1.00 0.00 0.00
1.00 0.00 0.00
1.00 0.00 0.00
1.00 0.00 0.00
0.83 0.83 0.83
