#
# Color table from NCL 6.1.0:
#
# The NCAR Command Language (Version 6.0.0) [Software]. (2012). 
# Boulder, Colorado: UCAR/NCAR/CISL/VETS. http://dx.doi.org/10.5065/D6WD3XH5
#
# name: ncl_ncl_default
# description: NCL color table ncl_default
# source: NCL color table ncl_default
#
0.50 0.12 0.94
0.49 0.11 0.94
0.47 0.11 0.94
0.45 0.10 0.95
0.42 0.10 0.95
0.40 0.09 0.95
0.38 0.09 0.96
0.36 0.08 0.96
0.34 0.07 0.96
0.31 0.07 0.96
0.29 0.07 0.96
0.26 0.06 0.96
0.24 0.05 0.97
0.21 0.05 0.98
0.18 0.04 0.98
0.16 0.03 0.98
0.14 0.03 0.98
0.11 0.02 0.98
0.08 0.01 0.98
0.05 0.01 0.99
0.03 0.00 0.99
0.00 0.00 1.00
0.01 0.02 0.99
0.02 0.05 0.98
0.04 0.07 0.98
0.05 0.09 0.98
0.07 0.11 0.96
0.07 0.14 0.96
0.09 0.16 0.96
0.10 0.18 0.95
0.11 0.20 0.95
0.13 0.22 0.94
0.14 0.24 0.94
0.15 0.26 0.93
0.16 0.28 0.92
0.18 0.29 0.92
0.18 0.31 0.91
0.20 0.33 0.91
0.20 0.35 0.90
0.22 0.36 0.89
0.23 0.38 0.89
0.24 0.39 0.89
0.25 0.41 0.88
0.25 0.41 0.89
0.24 0.42 0.89
0.23 0.42 0.89
0.23 0.43 0.90
0.22 0.43 0.91
0.22 0.44 0.91
0.21 0.45 0.92
0.20 0.45 0.92
0.20 0.46 0.93
0.19 0.47 0.94
0.18 0.47 0.94
0.18 0.48 0.95
0.17 0.49 0.95
0.16 0.49 0.96
0.16 0.51 0.96
0.15 0.51 0.96
0.14 0.52 0.98
0.14 0.53 0.98
0.13 0.54 0.98
0.12 0.55 0.99
0.11 0.56 1.00
0.11 0.56 1.00
0.10 0.58 1.00
0.09 0.58 1.00
0.09 0.59 1.00
0.09 0.60 1.00
0.08 0.60 1.00
0.07 0.62 1.00
0.07 0.63 1.00
0.07 0.63 1.00
0.06 0.64 1.00
0.05 0.65 1.00
0.05 0.66 1.00
0.04 0.67 1.00
0.03 0.67 1.00
0.03 0.69 1.00
0.03 0.69 1.00
0.02 0.70 1.00
0.01 0.71 1.00
0.00 0.72 1.00
0.00 0.74 1.00
0.00 0.75 1.00
0.03 0.75 0.99
0.05 0.75 0.99
0.08 0.75 0.98
0.11 0.75 0.98
0.14 0.75 0.98
0.16 0.75 0.98
0.18 0.76 0.98
0.21 0.76 0.97
0.24 0.76 0.97
0.27 0.76 0.96
0.29 0.76 0.96
0.32 0.76 0.96
0.34 0.76 0.96
0.37 0.77 0.96
0.39 0.78 0.95
0.42 0.78 0.95
0.45 0.78 0.95
0.47 0.78 0.94
0.49 0.79 0.94
0.52 0.79 0.94
0.55 0.80 0.94
0.56 0.80 0.94
0.57 0.81 0.94
0.58 0.82 0.94
0.59 0.83 0.94
0.60 0.83 0.94
0.62 0.84 0.94
0.63 0.84 0.95
0.64 0.85 0.95
0.66 0.85 0.95
0.67 0.86 0.95
0.68 0.87 0.96
0.69 0.87 0.96
0.70 0.87 0.96
0.72 0.88 0.96
0.73 0.89 0.96
0.74 0.89 0.96
0.76 0.90 0.96
0.77 0.90 0.96
0.78 0.91 0.97
0.79 0.91 0.97
0.81 0.92 0.98
1.00 1.00 0.78
1.00 0.99 0.75
1.00 0.99 0.72
1.00 0.99 0.69
1.00 0.98 0.67
1.00 0.98 0.64
1.00 0.98 0.61
1.00 0.98 0.58
1.00 0.97 0.56
1.00 0.96 0.53
1.00 0.96 0.50
1.00 0.96 0.47
1.00 0.95 0.45
1.00 0.94 0.42
1.00 0.94 0.38
1.00 0.93 0.36
1.00 0.92 0.33
1.00 0.91 0.30
1.00 0.90 0.27
1.00 0.89 0.25
1.00 0.89 0.22
1.00 0.88 0.19
1.00 0.87 0.18
1.00 0.86 0.18
1.00 0.85 0.16
1.00 0.84 0.16
1.00 0.83 0.15
1.00 0.83 0.14
1.00 0.81 0.13
1.00 0.80 0.11
1.00 0.79 0.11
1.00 0.78 0.10
1.00 0.78 0.09
1.00 0.76 0.08
1.00 0.76 0.07
1.00 0.74 0.06
1.00 0.73 0.05
1.00 0.72 0.04
1.00 0.71 0.03
1.00 0.70 0.03
1.00 0.69 0.01
1.00 0.67 0.00
1.00 0.67 0.00
1.00 0.65 0.00
1.00 0.64 0.00
1.00 0.63 0.00
1.00 0.62 0.00
1.00 0.60 0.00
1.00 0.59 0.00
1.00 0.58 0.00
1.00 0.58 0.00
1.00 0.56 0.00
1.00 0.55 0.00
1.00 0.54 0.00
1.00 0.53 0.00
1.00 0.51 0.00
1.00 0.50 0.00
1.00 0.49 0.00
1.00 0.49 0.00
1.00 0.47 0.00
1.00 0.46 0.00
1.00 0.45 0.00
1.00 0.44 0.00
1.00 0.43 0.00
1.00 0.40 0.00
1.00 0.38 0.00
1.00 0.36 0.00
1.00 0.35 0.00
1.00 0.32 0.00
1.00 0.30 0.00
1.00 0.29 0.00
1.00 0.27 0.00
1.00 0.24 0.00
1.00 0.22 0.00
1.00 0.20 0.00
1.00 0.18 0.00
1.00 0.16 0.00
1.00 0.14 0.00
1.00 0.12 0.00
1.00 0.10 0.00
1.00 0.07 0.00
1.00 0.06 0.00
1.00 0.04 0.00
1.00 0.02 0.00
1.00 0.00 0.00
0.98 0.00 0.00
0.98 0.00 0.00
0.96 0.00 0.00
0.96 0.00 0.00
0.94 0.00 0.00
0.94 0.00 0.00
0.92 0.00 0.00
0.91 0.00 0.00
0.90 0.00 0.00
0.89 0.00 0.00
0.89 0.00 0.00
0.87 0.00 0.00
0.86 0.00 0.00
0.85 0.00 0.00
0.84 0.00 0.00
0.83 0.00 0.00
0.82 0.00 0.00
0.81 0.00 0.00
0.80 0.00 0.00
0.79 0.00 0.00
0.78 0.00 0.00
0.79 0.02 0.02
0.80 0.05 0.05
0.81 0.07 0.07
0.82 0.10 0.10
0.83 0.14 0.14
0.84 0.16 0.16
0.85 0.19 0.19
0.86 0.23 0.23
0.87 0.26 0.26
0.89 0.29 0.29
0.89 0.32 0.32
0.90 0.36 0.36
0.91 0.39 0.39
0.92 0.43 0.43
0.94 0.47 0.47
0.94 0.50 0.50
0.96 0.54 0.54
0.96 0.58 0.58
0.98 0.61 0.61
0.98 0.65 0.65
1.00 0.69 0.69
