#
# Color table from NCL 6.1.0:
#
# The NCAR Command Language (Version 6.0.0) [Software]. (2012). 
# Boulder, Colorado: UCAR/NCAR/CISL/VETS. http://dx.doi.org/10.5065/D6WD3XH5
#
# name: ncl_BlAqGrYeOrRe
# description: NCL color table BlAqGrYeOrRe
# source: NCL color table BlAqGrYeOrRe
#
0.00 0.00 1.00
0.00 0.08 1.00
0.00 0.17 1.00
0.00 0.25 1.00
0.00 0.33 1.00
0.00 0.42 1.00
0.00 0.50 1.00
0.00 0.58 1.00
0.00 0.67 1.00
0.00 0.75 1.00
0.00 0.84 1.00
0.00 0.92 1.00
0.00 1.00 1.00
0.05 1.00 1.00
0.09 1.00 1.00
0.14 1.00 1.00
0.18 1.00 1.00
0.23 1.00 1.00
0.28 1.00 1.00
0.32 1.00 1.00
0.37 1.00 1.00
0.42 1.00 1.00
0.46 1.00 1.00
0.51 1.00 1.00
0.55 1.00 1.00
0.60 1.00 1.00
0.55 1.00 0.92
0.50 1.00 0.84
0.45 1.00 0.75
0.40 1.00 0.67
0.35 1.00 0.58
0.30 1.00 0.50
0.25 1.00 0.42
0.20 1.00 0.33
0.15 1.00 0.25
0.10 1.00 0.17
0.05 1.00 0.08
0.00 1.00 0.00
0.06 1.00 0.00
0.12 1.00 0.00
0.18 1.00 0.00
0.25 1.00 0.00
0.31 1.00 0.00
0.37 1.00 0.00
0.43 1.00 0.00
0.49 1.00 0.00
0.55 1.00 0.00
0.62 1.00 0.00
0.68 1.00 0.00
0.74 1.00 0.00
0.80 1.00 0.00
0.81 1.00 0.00
0.82 1.00 0.00
0.84 1.00 0.00
0.85 1.00 0.00
0.86 1.00 0.00
0.87 1.00 0.00
0.89 1.00 0.00
0.90 1.00 0.00
0.91 1.00 0.00
0.93 1.00 0.00
0.94 1.00 0.00
0.95 1.00 0.00
0.96 1.00 0.00
0.98 1.00 0.00
0.99 1.00 0.00
1.00 1.00 0.00
1.00 0.97 0.00
1.00 0.94 0.00
1.00 0.91 0.00
1.00 0.88 0.00
1.00 0.85 0.00
1.00 0.82 0.00
1.00 0.80 0.00
1.00 0.76 0.00
1.00 0.74 0.00
1.00 0.71 0.00
1.00 0.68 0.00
1.00 0.65 0.00
1.00 0.62 0.00
1.00 0.59 0.00
1.00 0.56 0.00
1.00 0.53 0.00
1.00 0.50 0.00
1.00 0.47 0.00
1.00 0.44 0.00
1.00 0.41 0.00
1.00 0.38 0.00
1.00 0.35 0.00
1.00 0.31 0.00
1.00 0.28 0.00
1.00 0.25 0.00
1.00 0.22 0.00
1.00 0.19 0.00
1.00 0.16 0.00
1.00 0.13 0.00
1.00 0.09 0.00
1.00 0.06 0.00
1.00 0.03 0.00
1.00 0.00 0.00
