#
# Color table from NCL 6.1.0:
#
# The NCAR Command Language (Version 6.0.0) [Software]. (2012). 
# Boulder, Colorado: UCAR/NCAR/CISL/VETS. http://dx.doi.org/10.5065/D6WD3XH5
#
# name: ncl_amwg256
# description: NCL color table amwg256
# source: NCL color table amwg256
#
0.57 0.44 0.86
0.55 0.42 0.85
0.53 0.40 0.85
0.51 0.37 0.85
0.48 0.35 0.84
0.46 0.33 0.84
0.44 0.31 0.84
0.41 0.29 0.83
0.38 0.27 0.83
0.36 0.25 0.83
0.33 0.23 0.82
0.31 0.21 0.82
0.28 0.19 0.82
0.25 0.17 0.81
0.23 0.15 0.81
0.20 0.13 0.81
0.17 0.11 0.80
0.15 0.09 0.80
0.11 0.07 0.80
0.09 0.05 0.79
0.06 0.04 0.79
0.03 0.02 0.78
0.00 0.00 0.78
0.01 0.02 0.79
0.02 0.04 0.79
0.03 0.05 0.80
0.04 0.07 0.80
0.05 0.09 0.81
0.05 0.11 0.82
0.07 0.12 0.82
0.08 0.14 0.82
0.09 0.16 0.83
0.10 0.18 0.84
0.11 0.20 0.84
0.12 0.21 0.85
0.13 0.23 0.85
0.14 0.25 0.86
0.15 0.27 0.86
0.16 0.28 0.87
0.17 0.30 0.87
0.18 0.32 0.88
0.20 0.34 0.88
0.21 0.35 0.89
0.22 0.37 0.89
0.24 0.39 0.90
0.24 0.40 0.90
0.25 0.41 0.91
0.26 0.42 0.91
0.27 0.43 0.91
0.29 0.44 0.91
0.29 0.45 0.91
0.31 0.46 0.91
0.32 0.47 0.92
0.33 0.48 0.92
0.34 0.49 0.92
0.35 0.50 0.93
0.36 0.51 0.93
0.37 0.52 0.93
0.38 0.53 0.93
0.39 0.54 0.93
0.40 0.55 0.93
0.41 0.56 0.94
0.42 0.57 0.94
0.44 0.58 0.94
0.45 0.59 0.94
0.46 0.60 0.95
0.47 0.61 0.95
0.48 0.63 0.95
0.49 0.64 0.94
0.50 0.66 0.94
0.51 0.68 0.94
0.52 0.70 0.94
0.53 0.71 0.93
0.54 0.73 0.93
0.55 0.74 0.93
0.56 0.76 0.93
0.57 0.77 0.93
0.58 0.78 0.93
0.59 0.80 0.92
0.60 0.80 0.92
0.61 0.82 0.92
0.62 0.83 0.91
0.63 0.84 0.91
0.64 0.84 0.91
0.65 0.85 0.91
0.66 0.86 0.91
0.67 0.87 0.91
0.68 0.87 0.90
0.69 0.88 0.90
0.69 0.88 0.91
0.68 0.88 0.91
0.68 0.89 0.91
0.67 0.89 0.92
0.67 0.89 0.92
0.67 0.90 0.93
0.66 0.90 0.93
0.65 0.91 0.94
0.65 0.91 0.94
0.65 0.91 0.95
0.64 0.92 0.95
0.64 0.92 0.96
0.64 0.93 0.96
0.63 0.93 0.96
0.62 0.93 0.97
0.62 0.94 0.98
0.62 0.94 0.98
0.61 0.95 0.98
0.60 0.95 0.99
0.60 0.95 0.99
0.60 0.96 1.00
0.60 0.97 0.99
0.60 0.98 0.96
0.60 0.96 0.93
0.60 0.95 0.89
0.60 0.94 0.86
0.60 0.93 0.84
0.61 0.92 0.81
0.61 0.91 0.78
0.61 0.89 0.76
0.61 0.88 0.73
0.61 0.87 0.71
0.61 0.86 0.69
0.61 0.85 0.67
0.61 0.84 0.65
0.61 0.82 0.64
0.61 0.81 0.62
0.61 0.80 0.61
0.96 0.90 0.75
0.95 0.89 0.73
0.95 0.88 0.72
0.94 0.87 0.70
0.94 0.86 0.69
0.93 0.85 0.68
0.93 0.84 0.66
0.92 0.83 0.65
0.92 0.82 0.64
0.91 0.81 0.62
0.91 0.80 0.61
0.90 0.79 0.60
0.89 0.78 0.59
0.89 0.76 0.58
0.89 0.75 0.56
0.88 0.74 0.55
0.87 0.73 0.54
0.87 0.72 0.53
0.87 0.72 0.51
0.88 0.72 0.48
0.89 0.72 0.46
0.89 0.72 0.44
0.90 0.73 0.42
0.91 0.73 0.39
0.91 0.73 0.37
0.92 0.74 0.35
0.93 0.74 0.32
0.93 0.75 0.29
0.94 0.76 0.27
0.94 0.76 0.24
0.95 0.77 0.22
0.96 0.78 0.19
0.96 0.80 0.16
0.97 0.81 0.14
0.97 0.82 0.11
0.98 0.83 0.08
0.98 0.85 0.05
0.99 0.86 0.03
1.00 0.88 0.00
1.00 0.87 0.00
1.00 0.86 0.00
1.00 0.85 0.00
1.00 0.84 0.00
1.00 0.83 0.00
1.00 0.82 0.00
1.00 0.80 0.00
1.00 0.80 0.00
1.00 0.78 0.00
1.00 0.77 0.00
1.00 0.76 0.00
1.00 0.75 0.00
1.00 0.74 0.00
1.00 0.73 0.00
1.00 0.72 0.00
1.00 0.71 0.00
1.00 0.70 0.00
1.00 0.69 0.00
1.00 0.68 0.00
1.00 0.67 0.00
1.00 0.65 0.00
1.00 0.65 0.00
1.00 0.63 0.00
1.00 0.61 0.00
1.00 0.59 0.00
1.00 0.58 0.00
1.00 0.56 0.00
1.00 0.54 0.00
1.00 0.53 0.00
1.00 0.51 0.00
1.00 0.49 0.00
1.00 0.47 0.00
1.00 0.46 0.00
1.00 0.44 0.00
1.00 0.42 0.00
1.00 0.40 0.00
1.00 0.39 0.00
1.00 0.37 0.00
1.00 0.35 0.00
1.00 0.34 0.00
1.00 0.32 0.00
1.00 0.30 0.00
1.00 0.29 0.00
1.00 0.27 0.00
0.98 0.26 0.01
0.97 0.25 0.02
0.96 0.24 0.02
0.95 0.23 0.03
0.93 0.22 0.04
0.92 0.22 0.05
0.90 0.21 0.05
0.89 0.20 0.06
0.87 0.20 0.07
0.86 0.19 0.07
0.85 0.18 0.08
0.84 0.18 0.09
0.82 0.17 0.09
0.81 0.16 0.10
0.79 0.16 0.10
0.78 0.16 0.11
0.76 0.15 0.11
0.75 0.15 0.12
0.74 0.14 0.12
0.73 0.14 0.13
0.71 0.13 0.13
0.70 0.13 0.13
0.71 0.15 0.15
0.73 0.17 0.17
0.74 0.19 0.19
0.75 0.21 0.21
0.76 0.23 0.23
0.78 0.25 0.25
0.79 0.28 0.28
0.81 0.30 0.30
0.82 0.33 0.33
0.84 0.35 0.35
0.85 0.38 0.38
0.86 0.40 0.40
0.87 0.43 0.43
0.89 0.45 0.45
0.90 0.48 0.48
0.92 0.51 0.51
0.93 0.54 0.54
0.95 0.57 0.57
0.96 0.60 0.60
0.97 0.63 0.63
0.98 0.66 0.66
1.00 0.70 0.70
