#
# Color table from NCL 6.1.0:
#
# The NCAR Command Language (Version 6.0.0) [Software]. (2012). 
# Boulder, Colorado: UCAR/NCAR/CISL/VETS. http://dx.doi.org/10.5065/D6WD3XH5
#
# name: ncl_cmp_b2r
# description: NCL color table cmp_b2r
# source: NCL color table cmp_b2r
#
0.19 0.21 0.58
0.20 0.25 0.60
0.22 0.28 0.62
0.22 0.32 0.64
0.24 0.35 0.65
0.25 0.38 0.67
0.26 0.42 0.69
0.27 0.45 0.71
0.29 0.49 0.72
0.32 0.52 0.74
0.35 0.55 0.75
0.37 0.58 0.77
0.40 0.61 0.78
0.42 0.64 0.80
0.45 0.67 0.82
0.48 0.70 0.83
0.51 0.72 0.84
0.54 0.75 0.85
0.57 0.77 0.87
0.60 0.80 0.88
0.63 0.82 0.89
0.66 0.84 0.91
0.69 0.86 0.92
0.72 0.87 0.93
0.75 0.89 0.94
0.78 0.90 0.95
0.81 0.92 0.95
0.84 0.93 0.96
0.87 0.95 0.97
0.89 0.95 0.94
0.91 0.94 0.88
0.92 0.93 0.83
0.94 0.92 0.77
0.95 0.91 0.71
0.97 0.89 0.65
0.99 0.88 0.60
1.00 0.87 0.55
1.00 0.84 0.53
1.00 0.81 0.50
1.00 0.78 0.47
0.99 0.76 0.45
0.99 0.73 0.42
0.99 0.70 0.40
0.99 0.67 0.38
0.98 0.64 0.36
0.98 0.60 0.34
0.98 0.56 0.33
0.97 0.53 0.31
0.96 0.49 0.29
0.96 0.45 0.27
0.95 0.42 0.26
0.94 0.39 0.24
0.92 0.35 0.23
0.91 0.32 0.21
0.89 0.29 0.20
0.87 0.25 0.18
0.86 0.22 0.17
0.84 0.18 0.15
0.81 0.16 0.15
0.78 0.13 0.15
0.76 0.11 0.15
0.73 0.08 0.15
0.70 0.05 0.15
0.67 0.03 0.15
