#
# Color table from NCL 6.1.0:
#
# The NCAR Command Language (Version 6.0.0) [Software]. (2012). 
# Boulder, Colorado: UCAR/NCAR/CISL/VETS. http://dx.doi.org/10.5065/D6WD3XH5
#
# name: ncl_GHRSST_anomaly
# description: NCL color table GHRSST_anomaly
# source: NCL color table GHRSST_anomaly
#
0.42 0.00 0.86
0.48 0.00 0.84
0.54 0.00 0.82
0.61 0.00 0.79
0.51 0.09 0.82
0.33 0.24 0.88
0.15 0.38 0.95
0.00 0.52 1.00
0.00 0.66 1.00
0.00 0.83 1.00
0.00 0.97 1.00
0.11 1.00 0.89
0.25 1.00 0.75
0.40 1.00 0.60
0.52 1.00 0.51
0.60 1.00 0.55
0.68 1.00 0.59
0.75 1.00 0.62
0.75 0.93 0.66
0.75 0.86 0.69
0.75 0.79 0.73
0.79 0.79 0.72
0.86 0.86 0.66
0.93 0.93 0.60
1.00 1.00 0.54
1.00 0.93 0.38
1.00 0.85 0.23
1.00 0.77 0.04
1.00 0.70 0.00
1.00 0.63 0.00
1.00 0.56 0.00
1.00 0.47 0.00
1.00 0.33 0.00
1.00 0.16 0.00
1.00 0.02 0.00
0.96 0.00 0.15
0.93 0.00 0.31
0.89 0.00 0.48
0.83 0.00 0.53
0.71 0.00 0.33
0.60 0.00 0.17
0.50 0.00 0.00
