#
# Color table from NCL 6.1.0:
#
# The NCAR Command Language (Version 6.0.0) [Software]. (2012). 
# Boulder, Colorado: UCAR/NCAR/CISL/VETS. http://dx.doi.org/10.5065/D6WD3XH5
#
# name: ncl_matlab_hsv
# description: NCL color table matlab_hsv
# source: NCL color table matlab_hsv
#
1.00 0.00 0.00
1.00 0.09 0.00
1.00 0.18 0.00
1.00 0.28 0.00
1.00 0.37 0.00
1.00 0.47 0.00
1.00 0.56 0.00
1.00 0.65 0.00
1.00 0.75 0.00
1.00 0.84 0.00
1.00 0.94 0.00
0.97 1.00 0.00
0.87 1.00 0.00
0.78 1.00 0.00
0.69 1.00 0.00
0.59 1.00 0.00
0.50 1.00 0.00
0.40 1.00 0.00
0.31 1.00 0.00
0.22 1.00 0.00
0.12 1.00 0.00
0.03 1.00 0.00
0.00 1.00 0.06
0.00 1.00 0.15
0.00 1.00 0.25
0.00 1.00 0.34
0.00 1.00 0.44
0.00 1.00 0.53
0.00 1.00 0.62
0.00 1.00 0.72
0.00 1.00 0.81
0.00 1.00 0.91
0.00 1.00 1.00
0.00 0.91 1.00
0.00 0.81 1.00
0.00 0.72 1.00
0.00 0.62 1.00
0.00 0.53 1.00
0.00 0.44 1.00
0.00 0.34 1.00
0.00 0.25 1.00
0.00 0.15 1.00
0.00 0.06 1.00
0.03 0.00 1.00
0.12 0.00 1.00
0.22 0.00 1.00
0.31 0.00 1.00
0.40 0.00 1.00
0.50 0.00 1.00
0.59 0.00 1.00
0.69 0.00 1.00
0.78 0.00 1.00
0.87 0.00 1.00
0.97 0.00 1.00
1.00 0.00 0.94
1.00 0.00 0.84
1.00 0.00 0.75
1.00 0.00 0.65
1.00 0.00 0.56
1.00 0.00 0.47
1.00 0.00 0.37
1.00 0.00 0.28
1.00 0.00 0.18
1.00 0.00 0.09
