#
# Color table from NCL 6.1.0:
#
# The NCAR Command Language (Version 6.0.0) [Software]. (2012). 
# Boulder, Colorado: UCAR/NCAR/CISL/VETS. http://dx.doi.org/10.5065/D6WD3XH5
#
# name: ncl_WhiteGreen
# description: NCL color table WhiteGreen
# source: NCL color table WhiteGreen
#
1.00 1.00 1.00
0.99 1.00 0.99
0.99 1.00 0.99
0.98 0.99 0.98
0.98 0.99 0.97
0.97 0.99 0.96
0.96 0.98 0.96
0.96 0.98 0.95
0.95 0.98 0.95
0.95 0.98 0.94
0.94 0.98 0.93
0.93 0.97 0.93
0.93 0.97 0.92
0.92 0.97 0.91
0.92 0.96 0.91
0.91 0.96 0.90
0.91 0.96 0.89
0.90 0.96 0.89
0.89 0.96 0.88
0.89 0.95 0.87
0.88 0.95 0.87
0.87 0.95 0.86
0.87 0.95 0.85
0.86 0.94 0.84
0.85 0.94 0.84
0.85 0.94 0.83
0.84 0.93 0.82
0.84 0.93 0.82
0.83 0.93 0.81
0.83 0.93 0.80
0.82 0.93 0.80
0.82 0.92 0.79
0.81 0.92 0.78
0.80 0.92 0.78
0.80 0.91 0.77
0.79 0.91 0.76
0.78 0.91 0.76
0.78 0.91 0.75
0.77 0.91 0.75
0.76 0.90 0.74
0.76 0.90 0.73
0.75 0.90 0.73
0.75 0.89 0.72
0.74 0.89 0.71
0.74 0.89 0.70
0.73 0.89 0.70
0.73 0.89 0.69
0.72 0.88 0.68
0.71 0.88 0.68
0.71 0.88 0.67
0.70 0.87 0.66
0.69 0.87 0.65
0.69 0.87 0.65
0.68 0.87 0.64
0.67 0.87 0.64
0.67 0.86 0.63
0.66 0.86 0.62
0.66 0.86 0.62
0.65 0.85 0.61
0.65 0.85 0.60
0.64 0.85 0.60
0.64 0.85 0.59
0.63 0.85 0.58
0.62 0.84 0.58
0.62 0.84 0.57
0.61 0.84 0.56
0.60 0.84 0.56
0.60 0.83 0.55
0.59 0.83 0.54
0.58 0.83 0.53
0.58 0.83 0.53
0.57 0.82 0.52
0.57 0.82 0.51
0.56 0.82 0.51
0.56 0.82 0.50
0.55 0.81 0.49
0.55 0.81 0.49
0.54 0.81 0.48
0.53 0.80 0.47
0.53 0.80 0.47
0.52 0.80 0.46
0.51 0.80 0.45
0.51 0.80 0.45
0.50 0.79 0.44
0.49 0.79 0.43
0.49 0.78 0.42
0.48 0.78 0.42
0.47 0.78 0.42
0.47 0.78 0.41
0.46 0.78 0.41
0.46 0.78 0.40
0.45 0.77 0.40
0.45 0.77 0.40
0.44 0.77 0.39
0.44 0.77 0.39
0.43 0.76 0.38
0.42 0.76 0.38
0.42 0.76 0.38
0.42 0.76 0.37
0.41 0.76 0.36
0.40 0.76 0.36
0.40 0.75 0.36
0.39 0.75 0.35
0.39 0.75 0.35
0.38 0.75 0.35
0.38 0.75 0.34
0.37 0.74 0.34
0.36 0.74 0.33
0.36 0.74 0.33
0.36 0.74 0.33
0.35 0.73 0.32
0.35 0.73 0.32
0.34 0.73 0.31
0.33 0.73 0.31
0.33 0.73 0.31
0.32 0.73 0.30
0.32 0.72 0.30
0.31 0.72 0.29
0.31 0.72 0.29
0.30 0.71 0.29
0.29 0.71 0.28
0.29 0.71 0.28
0.29 0.71 0.27
0.28 0.71 0.27
0.27 0.71 0.27
0.27 0.70 0.26
0.26 0.70 0.26
0.26 0.70 0.25
0.25 0.70 0.25
0.25 0.69 0.24
0.24 0.69 0.24
0.24 0.69 0.24
0.23 0.69 0.23
0.23 0.69 0.23
0.22 0.69 0.22
0.22 0.68 0.22
0.21 0.68 0.22
0.20 0.68 0.21
0.20 0.67 0.21
0.19 0.67 0.20
0.19 0.67 0.20
0.18 0.67 0.20
0.18 0.67 0.19
0.17 0.67 0.19
0.16 0.66 0.18
0.16 0.66 0.18
0.16 0.66 0.18
0.15 0.66 0.17
0.15 0.65 0.17
0.14 0.65 0.16
0.13 0.65 0.16
0.13 0.65 0.16
0.12 0.65 0.15
0.12 0.64 0.15
0.11 0.64 0.15
0.11 0.64 0.14
0.10 0.64 0.13
0.10 0.64 0.13
0.09 0.64 0.13
0.09 0.63 0.12
0.08 0.63 0.12
0.07 0.63 0.11
0.07 0.63 0.11
0.06 0.62 0.11
0.06 0.62 0.10
0.05 0.62 0.10
0.05 0.62 0.09
0.04 0.62 0.09
0.04 0.62 0.09
0.03 0.61 0.08
0.03 0.61 0.08
0.03 0.60 0.08
0.03 0.60 0.08
0.03 0.60 0.09
0.03 0.60 0.09
0.03 0.59 0.09
0.03 0.59 0.09
0.03 0.58 0.09
0.03 0.58 0.09
0.03 0.58 0.09
0.03 0.57 0.09
0.03 0.57 0.09
0.03 0.56 0.09
0.03 0.56 0.09
0.03 0.56 0.09
0.03 0.56 0.09
0.03 0.55 0.09
0.03 0.55 0.09
0.03 0.55 0.09
0.03 0.54 0.09
0.03 0.54 0.09
0.03 0.53 0.10
0.03 0.53 0.10
0.03 0.53 0.10
0.03 0.53 0.10
0.03 0.52 0.10
0.03 0.52 0.10
0.03 0.51 0.10
0.03 0.51 0.10
0.03 0.51 0.10
0.03 0.50 0.10
0.03 0.50 0.10
0.03 0.49 0.10
0.03 0.49 0.11
0.03 0.49 0.11
0.03 0.49 0.11
0.03 0.48 0.11
0.03 0.48 0.11
0.03 0.47 0.11
0.03 0.47 0.11
0.03 0.47 0.11
0.03 0.46 0.11
0.02 0.46 0.11
0.02 0.46 0.11
0.02 0.45 0.11
0.02 0.45 0.11
0.02 0.45 0.11
0.02 0.44 0.11
0.02 0.44 0.11
0.02 0.44 0.11
0.02 0.43 0.11
0.02 0.43 0.12
0.02 0.43 0.12
0.02 0.42 0.12
0.02 0.42 0.12
0.02 0.42 0.12
0.02 0.41 0.12
0.02 0.41 0.12
0.02 0.40 0.12
0.02 0.40 0.12
0.02 0.40 0.12
0.02 0.40 0.12
0.02 0.39 0.12
0.02 0.39 0.13
0.02 0.38 0.13
0.02 0.38 0.13
0.02 0.38 0.13
0.02 0.37 0.13
0.02 0.37 0.13
0.02 0.36 0.13
0.02 0.36 0.13
0.02 0.36 0.13
0.02 0.36 0.13
0.02 0.35 0.13
0.02 0.35 0.13
0.02 0.35 0.13
0.02 0.34 0.13
0.02 0.34 0.13
0.02 0.33 0.13
0.02 0.33 0.13
0.02 0.33 0.13
0.02 0.33 0.14
0.02 0.32 0.14
0.02 0.31 0.14
