#
# Color table from NCL 6.1.0:
#
# The NCAR Command Language (Version 6.0.0) [Software]. (2012). 
# Boulder, Colorado: UCAR/NCAR/CISL/VETS. http://dx.doi.org/10.5065/D6WD3XH5
#
# name: ncl_BlueRed
# description: NCL color table BlueRed
# source: NCL color table BlueRed
#
0.10 0.32 1.00
0.11 0.33 1.00
0.11 0.33 1.00
0.12 0.34 1.00
0.12 0.34 1.00
0.13 0.35 1.00
0.13 0.35 1.00
0.14 0.35 1.00
0.15 0.36 1.00
0.15 0.36 1.00
0.16 0.37 1.00
0.16 0.37 1.00
0.17 0.38 1.00
0.18 0.38 1.00
0.18 0.38 1.00
0.19 0.39 1.00
0.19 0.40 1.00
0.20 0.40 1.00
0.21 0.40 1.00
0.21 0.41 1.00
0.22 0.41 1.00
0.22 0.42 1.00
0.23 0.42 1.00
0.24 0.43 1.00
0.24 0.43 1.00
0.25 0.44 1.00
0.25 0.44 1.00
0.26 0.44 1.00
0.27 0.45 1.00
0.27 0.45 1.00
0.28 0.46 1.00
0.28 0.46 1.00
0.29 0.47 1.00
0.29 0.47 1.00
0.30 0.47 1.00
0.31 0.48 1.00
0.31 0.49 1.00
0.32 0.49 1.00
0.33 0.49 1.00
0.33 0.50 1.00
0.34 0.50 1.00
0.35 0.51 1.00
0.35 0.51 1.00
0.36 0.52 1.00
0.36 0.52 1.00
0.37 0.53 1.00
0.37 0.53 1.00
0.38 0.53 1.00
0.38 0.54 1.00
0.39 0.55 1.00
0.40 0.55 1.00
0.40 0.55 1.00
0.41 0.56 1.00
0.42 0.56 1.00
0.42 0.56 1.00
0.43 0.57 1.00
0.44 0.58 1.00
0.44 0.58 1.00
0.45 0.58 1.00
0.45 0.59 1.00
0.46 0.59 1.00
0.46 0.60 1.00
0.47 0.60 1.00
0.47 0.61 1.00
0.48 0.61 1.00
0.49 0.62 1.00
0.49 0.62 1.00
0.50 0.62 1.00
0.51 0.63 1.00
0.51 0.64 1.00
0.52 0.64 1.00
0.53 0.64 1.00
0.53 0.65 1.00
0.54 0.65 1.00
0.54 0.65 1.00
0.55 0.66 1.00
0.55 0.67 1.00
0.56 0.67 1.00
0.56 0.67 1.00
0.57 0.68 1.00
0.58 0.68 1.00
0.58 0.69 1.00
0.59 0.69 1.00
0.60 0.70 1.00
0.60 0.70 1.00
0.61 0.71 1.00
0.62 0.71 1.00
0.62 0.71 1.00
0.63 0.72 1.00
0.63 0.73 1.00
0.64 0.73 1.00
0.64 0.73 1.00
0.65 0.74 1.00
0.65 0.74 1.00
0.66 0.75 1.00
0.67 0.75 1.00
0.67 0.76 1.00
0.68 0.76 1.00
0.69 0.76 1.00
0.69 0.77 1.00
0.70 0.77 1.00
0.71 0.78 1.00
0.71 0.78 1.00
0.72 0.79 1.00
0.72 0.79 1.00
0.73 0.80 1.00
0.73 0.80 1.00
0.74 0.80 1.00
0.75 0.81 1.00
0.75 0.81 1.00
0.76 0.82 1.00
0.76 0.82 1.00
0.77 0.83 1.00
0.78 0.83 1.00
0.78 0.84 1.00
0.79 0.84 1.00
0.79 0.84 1.00
0.80 0.85 1.00
0.81 0.85 1.00
0.81 0.86 1.00
0.82 0.86 1.00
0.82 0.87 1.00
0.83 0.87 1.00
0.84 0.88 1.00
0.84 0.88 1.00
0.85 0.89 1.00
1.00 0.85 0.85
1.00 0.84 0.84
1.00 0.84 0.84
1.00 0.83 0.83
1.00 0.82 0.82
1.00 0.82 0.82
1.00 0.81 0.81
1.00 0.81 0.81
1.00 0.80 0.80
1.00 0.79 0.79
1.00 0.79 0.79
1.00 0.78 0.78
1.00 0.78 0.78
1.00 0.77 0.77
1.00 0.76 0.76
1.00 0.76 0.76
1.00 0.75 0.75
1.00 0.75 0.75
1.00 0.74 0.74
1.00 0.73 0.73
1.00 0.73 0.73
1.00 0.72 0.72
1.00 0.72 0.72
1.00 0.71 0.71
1.00 0.71 0.71
1.00 0.70 0.70
1.00 0.69 0.69
1.00 0.69 0.69
1.00 0.68 0.68
1.00 0.67 0.67
1.00 0.67 0.67
1.00 0.66 0.66
1.00 0.65 0.65
1.00 0.65 0.65
1.00 0.64 0.64
1.00 0.64 0.64
1.00 0.63 0.63
1.00 0.63 0.63
1.00 0.62 0.62
1.00 0.62 0.62
1.00 0.61 0.61
1.00 0.60 0.60
1.00 0.60 0.60
1.00 0.59 0.59
1.00 0.58 0.58
1.00 0.58 0.58
1.00 0.57 0.57
1.00 0.56 0.56
1.00 0.56 0.56
1.00 0.55 0.55
1.00 0.55 0.55
1.00 0.54 0.54
1.00 0.54 0.54
1.00 0.53 0.53
1.00 0.53 0.53
1.00 0.52 0.52
1.00 0.51 0.51
1.00 0.51 0.51
1.00 0.50 0.50
1.00 0.49 0.49
1.00 0.49 0.49
1.00 0.48 0.48
1.00 0.47 0.47
1.00 0.47 0.47
1.00 0.46 0.46
1.00 0.46 0.46
1.00 0.45 0.45
1.00 0.45 0.45
1.00 0.44 0.44
1.00 0.44 0.44
1.00 0.43 0.43
1.00 0.42 0.42
1.00 0.42 0.42
1.00 0.41 0.41
1.00 0.40 0.40
1.00 0.40 0.40
1.00 0.39 0.39
1.00 0.38 0.38
1.00 0.38 0.38
1.00 0.37 0.37
1.00 0.37 0.37
1.00 0.36 0.36
1.00 0.36 0.36
1.00 0.35 0.35
1.00 0.35 0.35
1.00 0.34 0.34
1.00 0.33 0.33
1.00 0.33 0.33
1.00 0.32 0.32
1.00 0.31 0.31
1.00 0.31 0.31
1.00 0.30 0.30
1.00 0.29 0.29
1.00 0.29 0.29
1.00 0.28 0.28
1.00 0.28 0.28
1.00 0.27 0.27
1.00 0.27 0.27
1.00 0.26 0.26
1.00 0.25 0.25
1.00 0.25 0.25
1.00 0.24 0.24
1.00 0.24 0.24
1.00 0.23 0.23
1.00 0.22 0.22
1.00 0.22 0.22
1.00 0.21 0.21
1.00 0.21 0.21
1.00 0.20 0.20
1.00 0.19 0.19
1.00 0.19 0.19
1.00 0.18 0.18
1.00 0.18 0.18
1.00 0.17 0.17
1.00 0.16 0.16
1.00 0.16 0.16
1.00 0.15 0.15
1.00 0.15 0.15
1.00 0.14 0.14
1.00 0.13 0.13
1.00 0.13 0.13
1.00 0.12 0.12
1.00 0.12 0.12
1.00 0.11 0.11
1.00 0.11 0.11
1.00 0.10 0.10
