#
# Color table from NCL 6.1.0:
#
# The NCAR Command Language (Version 6.0.0) [Software]. (2012). 
# Boulder, Colorado: UCAR/NCAR/CISL/VETS. http://dx.doi.org/10.5065/D6WD3XH5
#
# name: ncl_hotres
# description: NCL color table hotres
# source: NCL color table hotres
#
0.00 0.02 0.27
0.03 0.10 0.39
0.06 0.21 0.51
0.09 0.27 0.63
0.12 0.33 0.75
0.15 0.38 0.86
0.18 0.44 0.98
0.22 0.50 0.99
0.24 0.55 0.98
0.27 0.60 0.96
0.29 0.64 0.92
0.32 0.68 0.88
0.35 0.72 0.83
0.37 0.76 0.78
0.40 0.79 0.73
0.42 0.82 0.68
0.44 0.84 0.63
0.46 0.87 0.58
0.48 0.89 0.53
0.50 0.91 0.48
0.53 0.92 0.44
0.55 0.94 0.40
0.56 0.95 0.36
0.58 0.96 0.33
0.60 0.97 0.30
0.62 0.98 0.27
0.63 0.98 0.24
0.65 0.98 0.22
0.66 0.99 0.20
0.68 0.99 0.18
0.69 0.99 0.16
0.71 0.99 0.14
0.72 0.99 0.13
0.74 0.99 0.11
0.75 0.98 0.10
0.76 0.98 0.09
0.77 0.97 0.08
0.78 0.97 0.07
0.80 0.96 0.06
0.81 0.95 0.05
0.82 0.95 0.05
0.83 0.94 0.04
0.84 0.93 0.04
0.85 0.92 0.04
0.85 0.91 0.03
0.86 0.90 0.03
0.87 0.89 0.02
0.88 0.88 0.02
0.89 0.87 0.02
0.89 0.86 0.02
0.90 0.85 0.01
0.91 0.84 0.01
0.91 0.82 0.01
0.92 0.81 0.01
0.93 0.80 0.01
0.93 0.79 0.01
0.94 0.78 0.00
0.94 0.76 0.00
0.95 0.75 0.00
0.95 0.74 0.00
0.95 0.73 0.00
0.96 0.72 0.00
0.96 0.71 0.00
0.96 0.69 0.00
0.97 0.68 0.00
0.97 0.67 0.00
0.97 0.65 0.00
0.98 0.64 0.00
0.98 0.63 0.00
0.98 0.62 0.00
0.98 0.61 0.00
0.98 0.60 0.00
0.98 0.58 0.00
0.99 0.58 0.00
0.99 0.56 0.00
0.99 0.55 0.00
0.99 0.54 0.00
0.99 0.53 0.00
0.99 0.52 0.00
0.99 0.51 0.00
0.99 0.50 0.00
0.99 0.49 0.00
0.99 0.48 0.00
0.99 0.47 0.00
0.99 0.46 0.00
0.99 0.45 0.00
0.99 0.44 0.00
0.99 0.43 0.00
0.99 0.42 0.00
0.98 0.41 0.00
0.98 0.40 0.00
0.98 0.39 0.00
0.98 0.38 0.00
0.98 0.38 0.00
0.98 0.36 0.00
0.98 0.36 0.00
0.97 0.35 0.00
0.97 0.34 0.00
0.97 0.33 0.00
0.97 0.33 0.00
0.96 0.32 0.00
0.96 0.31 0.00
0.96 0.31 0.00
0.96 0.30 0.00
0.95 0.29 0.00
0.95 0.28 0.00
0.95 0.28 0.00
0.95 0.27 0.00
0.94 0.26 0.00
0.94 0.26 0.00
0.94 0.25 0.00
0.93 0.24 0.00
0.93 0.24 0.00
0.93 0.23 0.00
0.92 0.23 0.00
0.92 0.22 0.00
0.92 0.22 0.00
0.91 0.21 0.00
0.91 0.21 0.00
0.91 0.20 0.00
0.90 0.20 0.00
0.90 0.19 0.00
0.89 0.18 0.00
0.89 0.18 0.00
0.89 0.18 0.00
0.88 0.17 0.00
0.88 0.17 0.00
0.87 0.16 0.00
0.87 0.16 0.00
0.87 0.16 0.00
0.86 0.15 0.00
0.86 0.15 0.00
0.85 0.15 0.00
0.85 0.14 0.00
0.85 0.14 0.00
0.84 0.13 0.00
0.84 0.13 0.00
0.83 0.13 0.00
0.83 0.12 0.00
0.82 0.12 0.00
0.82 0.12 0.00
0.82 0.11 0.00
0.81 0.11 0.00
0.80 0.11 0.00
0.80 0.11 0.00
0.80 0.10 0.00
0.79 0.10 0.00
0.79 0.10 0.00
0.78 0.09 0.00
0.78 0.09 0.00
0.77 0.09 0.00
0.77 0.09 0.00
0.76 0.08 0.00
0.76 0.08 0.00
0.76 0.08 0.00
0.75 0.08 0.00
0.75 0.07 0.00
0.74 0.07 0.00
0.74 0.07 0.00
0.73 0.07 0.00
0.73 0.07 0.00
0.73 0.07 0.00
0.72 0.06 0.00
0.71 0.06 0.00
0.71 0.06 0.00
0.71 0.06 0.00
0.70 0.06 0.00
0.70 0.05 0.00
0.69 0.05 0.00
0.69 0.05 0.00
0.68 0.05 0.00
0.68 0.05 0.00
0.67 0.05 0.00
0.67 0.05 0.00
0.67 0.05 0.00
0.66 0.04 0.00
0.65 0.04 0.00
0.65 0.04 0.00
0.65 0.04 0.00
0.64 0.04 0.00
0.64 0.04 0.00
0.64 0.04 0.00
0.63 0.04 0.00
0.62 0.04 0.00
0.62 0.04 0.00
0.62 0.03 0.00
0.61 0.03 0.00
0.61 0.03 0.00
0.60 0.03 0.00
0.60 0.03 0.00
0.60 0.03 0.00
0.59 0.03 0.00
0.58 0.03 0.00
0.58 0.03 0.00
0.58 0.02 0.00
0.57 0.02 0.00
0.57 0.02 0.00
0.56 0.02 0.00
0.56 0.02 0.00
0.56 0.02 0.00
0.55 0.02 0.00
0.55 0.02 0.00
0.55 0.02 0.00
0.54 0.02 0.00
0.54 0.02 0.00
0.53 0.02 0.00
0.53 0.02 0.00
0.52 0.02 0.00
0.52 0.02 0.00
0.51 0.02 0.00
0.51 0.02 0.00
0.51 0.02 0.00
0.50 0.02 0.00
0.50 0.02 0.00
0.49 0.01 0.00
0.49 0.01 0.00
0.49 0.01 0.00
0.48 0.01 0.00
0.48 0.01 0.00
0.48 0.01 0.00
0.47 0.01 0.00
0.47 0.01 0.00
0.47 0.01 0.00
0.46 0.01 0.00
0.46 0.01 0.00
0.45 0.01 0.00
0.45 0.01 0.00
0.45 0.01 0.00
0.44 0.01 0.00
0.44 0.01 0.00
0.44 0.01 0.00
0.43 0.01 0.00
0.43 0.01 0.00
0.42 0.01 0.00
0.42 0.01 0.00
0.42 0.01 0.00
0.42 0.01 0.00
0.41 0.01 0.00
0.41 0.00 0.00
0.40 0.00 0.00
0.40 0.00 0.00
0.40 0.00 0.00
0.40 0.00 0.00
0.39 0.00 0.00
0.39 0.00 0.00
0.38 0.00 0.00
0.38 0.00 0.00
0.38 0.00 0.00
0.38 0.00 0.00
0.37 0.00 0.00
0.37 0.00 0.00
0.36 0.00 0.00
0.36 0.00 0.00
0.36 0.00 0.00
0.36 0.00 0.00
0.35 0.00 0.00
