#
# Color table from NCL 6.1.0:
#
# The NCAR Command Language (Version 6.0.0) [Software]. (2012). 
# Boulder, Colorado: UCAR/NCAR/CISL/VETS. http://dx.doi.org/10.5065/D6WD3XH5
#
# name: ncl_tbrStd1
# description: NCL color table tbrStd1
# source: NCL color table tbrStd1
#
0.00 0.00 0.00
0.00 0.00 0.00
0.00 0.00 0.00
0.00 0.00 0.00
0.00 0.00 0.00
0.00 0.00 0.00
0.00 0.00 0.00
0.00 0.00 0.00
0.00 0.00 0.00
0.00 0.00 0.00
0.00 0.00 0.00
0.00 0.00 0.00
0.00 0.00 0.00
0.00 0.00 0.00
0.00 0.00 0.00
0.00 0.00 0.00
0.00 0.00 0.00
0.00 0.00 0.00
0.00 0.00 0.00
0.00 0.00 0.00
0.00 0.00 0.00
0.00 0.00 0.00
0.00 0.00 0.00
0.00 0.00 0.00
0.04 0.00 0.06
0.07 0.00 0.12
0.11 0.00 0.18
0.15 0.00 0.24
0.19 0.00 0.30
0.23 0.00 0.36
0.27 0.00 0.42
0.30 0.00 0.47
0.34 0.00 0.53
0.34 0.00 0.53
0.34 0.00 0.53
0.34 0.00 0.53
0.34 0.00 0.53
0.34 0.00 0.53
0.34 0.00 0.53
0.34 0.00 0.53
0.34 0.00 0.53
0.34 0.00 0.53
0.34 0.00 0.53
0.32 0.05 0.50
0.30 0.09 0.47
0.28 0.14 0.44
0.26 0.19 0.41
0.24 0.24 0.38
0.22 0.28 0.35
0.20 0.33 0.31
0.18 0.37 0.28
0.16 0.42 0.25
0.13 0.47 0.22
0.11 0.51 0.18
0.09 0.56 0.15
0.07 0.61 0.12
0.05 0.65 0.09
0.03 0.70 0.06
0.03 0.70 0.06
0.03 0.70 0.06
0.03 0.70 0.06
0.03 0.70 0.06
0.03 0.70 0.06
0.03 0.70 0.06
0.12 0.73 0.05
0.21 0.76 0.05
0.29 0.78 0.04
0.38 0.81 0.04
0.47 0.84 0.03
0.56 0.86 0.03
0.65 0.89 0.02
0.74 0.92 0.02
0.82 0.95 0.01
0.91 0.97 0.00
1.00 1.00 0.00
1.00 0.93 0.00
1.00 0.86 0.00
1.00 0.78 0.00
1.00 0.71 0.00
1.00 0.64 0.00
1.00 0.57 0.00
1.00 0.50 0.00
1.00 0.43 0.00
1.00 0.36 0.00
1.00 0.29 0.00
1.00 0.22 0.00
1.00 0.14 0.00
1.00 0.07 0.00
1.00 0.00 0.00
1.00 0.00 0.00
1.00 0.00 0.00
0.98 0.11 0.31
0.96 0.21 0.63
0.94 0.31 0.94
0.95 0.45 0.95
0.96 0.59 0.96
0.98 0.73 0.98
0.99 0.86 0.99
1.00 1.00 1.00
1.00 1.00 1.00
1.00 1.00 1.00
