#
# Color table from NCL 6.1.0:
#
# The NCAR Command Language (Version 6.0.0) [Software]. (2012). 
# Boulder, Colorado: UCAR/NCAR/CISL/VETS. http://dx.doi.org/10.5065/D6WD3XH5
#
# name: ncl_matlab_jet
# description: NCL color table matlab_jet
# source: NCL color table matlab_jet
#
0.00 0.00 0.56
0.00 0.00 0.62
0.00 0.00 0.69
0.00 0.00 0.75
0.00 0.00 0.81
0.00 0.00 0.87
0.00 0.00 0.94
0.00 0.00 1.00
0.00 0.06 1.00
0.00 0.12 1.00
0.00 0.18 1.00
0.00 0.25 1.00
0.00 0.31 1.00
0.00 0.37 1.00
0.00 0.44 1.00
0.00 0.50 1.00
0.00 0.56 1.00
0.00 0.62 1.00
0.00 0.69 1.00
0.00 0.75 1.00
0.00 0.81 1.00
0.00 0.87 1.00
0.00 0.94 1.00
0.00 1.00 1.00
0.06 1.00 0.94
0.12 1.00 0.87
0.18 1.00 0.81
0.25 1.00 0.75
0.31 1.00 0.69
0.37 1.00 0.62
0.44 1.00 0.56
0.50 1.00 0.50
0.56 1.00 0.44
0.62 1.00 0.37
0.69 1.00 0.31
0.75 1.00 0.25
0.81 1.00 0.18
0.87 1.00 0.12
0.94 1.00 0.06
1.00 1.00 0.00
1.00 0.94 0.00
1.00 0.87 0.00
1.00 0.81 0.00
1.00 0.75 0.00
1.00 0.69 0.00
1.00 0.62 0.00
1.00 0.56 0.00
1.00 0.50 0.00
1.00 0.44 0.00
1.00 0.37 0.00
1.00 0.31 0.00
1.00 0.25 0.00
1.00 0.18 0.00
1.00 0.12 0.00
1.00 0.06 0.00
1.00 0.00 0.00
0.94 0.00 0.00
0.87 0.00 0.00
0.81 0.00 0.00
0.75 0.00 0.00
0.69 0.00 0.00
0.62 0.00 0.00
0.56 0.00 0.00
0.50 0.00 0.00
