#
# Color table from NCL 6.1.0:
#
# The NCAR Command Language (Version 6.0.0) [Software]. (2012). 
# Boulder, Colorado: UCAR/NCAR/CISL/VETS. http://dx.doi.org/10.5065/D6WD3XH5
#
# name: ncl_3gauss
# description: NCL color table 3gauss
# source: NCL color table 3gauss
#
0.00 0.00 1.00
0.00 0.00 1.00
0.00 0.01 1.00
0.01 0.02 0.99
0.01 0.02 0.99
0.02 0.04 0.98
0.02 0.05 0.98
0.02 0.06 0.98
0.03 0.08 0.97
0.03 0.10 0.97
0.04 0.13 0.96
0.04 0.15 0.96
0.04 0.18 0.96
0.05 0.21 0.95
0.05 0.24 0.95
0.05 0.27 0.95
0.06 0.31 0.94
0.06 0.34 0.94
0.07 0.38 0.93
0.07 0.41 0.93
0.07 0.45 0.93
0.08 0.48 0.92
0.08 0.52 0.92
0.09 0.56 0.91
0.09 0.59 0.91
0.09 0.63 0.91
0.10 0.66 0.90
0.10 0.70 0.90
0.11 0.73 0.89
0.11 0.76 0.89
0.11 0.79 0.89
0.12 0.82 0.88
0.12 0.85 0.88
0.13 0.87 0.87
0.13 0.90 0.87
0.13 0.92 0.87
0.14 0.94 0.86
0.14 0.95 0.86
0.15 0.96 0.85
0.15 0.98 0.85
0.15 0.98 0.85
0.16 0.99 0.84
0.16 0.99 0.84
0.16 0.99 0.84
0.17 0.99 0.83
0.17 0.99 0.83
0.18 0.98 0.82
0.18 0.97 0.82
0.18 0.96 0.82
0.19 0.94 0.81
0.19 0.92 0.81
0.20 0.90 0.80
0.20 0.88 0.80
0.20 0.85 0.80
0.21 0.83 0.79
0.21 0.80 0.79
0.22 0.77 0.78
0.22 0.74 0.78
0.22 0.71 0.78
0.23 0.67 0.77
0.23 0.64 0.77
0.24 0.60 0.76
0.24 0.57 0.76
0.24 0.53 0.76
0.25 0.50 0.75
0.25 0.46 0.75
0.25 0.42 0.75
0.26 0.39 0.74
0.26 0.35 0.74
0.27 0.32 0.73
0.27 0.28 0.73
0.27 0.25 0.73
0.28 0.22 0.72
0.28 0.19 0.72
0.29 0.16 0.71
0.29 0.14 0.71
0.29 0.11 0.71
0.30 0.09 0.70
0.30 0.07 0.70
0.31 0.05 0.69
0.31 0.04 0.69
0.31 0.02 0.69
0.32 0.01 0.68
0.32 0.00 0.68
0.33 0.00 0.67
0.33 0.00 0.67
0.33 0.00 0.67
0.34 0.00 0.66
0.34 0.01 0.66
0.35 0.02 0.65
0.35 0.03 0.65
0.35 0.04 0.65
0.36 0.05 0.64
0.36 0.07 0.64
0.36 0.09 0.64
0.37 0.12 0.63
0.37 0.15 0.63
0.38 0.17 0.62
0.38 0.20 0.62
0.38 0.23 0.62
0.39 0.26 0.61
0.39 0.29 0.61
0.40 0.33 0.60
0.40 0.36 0.60
0.40 0.40 0.60
0.41 0.44 0.59
0.41 0.47 0.59
0.42 0.51 0.58
0.42 0.55 0.58
0.42 0.58 0.58
0.43 0.62 0.57
0.43 0.65 0.57
0.44 0.69 0.56
0.44 0.72 0.56
0.44 0.75 0.56
0.45 0.78 0.55
0.45 0.81 0.55
0.45 0.84 0.55
0.46 0.87 0.54
0.46 0.89 0.54
0.47 0.91 0.53
0.47 0.93 0.53
0.47 0.95 0.53
0.48 0.96 0.52
0.48 0.97 0.52
0.49 0.98 0.51
0.49 0.99 0.51
0.49 0.99 0.51
0.50 1.00 0.50
0.50 0.99 0.50
0.51 0.99 0.49
0.51 0.98 0.49
0.51 0.97 0.49
0.52 0.96 0.48
0.52 0.95 0.48
0.53 0.93 0.47
0.53 0.91 0.47
0.53 0.89 0.47
0.54 0.87 0.46
0.54 0.84 0.46
0.55 0.81 0.45
0.55 0.78 0.45
0.55 0.75 0.45
0.56 0.72 0.44
0.56 0.69 0.44
0.56 0.65 0.44
0.57 0.62 0.43
0.57 0.58 0.43
0.58 0.55 0.42
0.58 0.51 0.42
0.58 0.47 0.42
0.59 0.44 0.41
0.59 0.40 0.41
0.60 0.36 0.40
0.60 0.33 0.40
0.60 0.29 0.40
0.61 0.26 0.39
0.61 0.23 0.39
0.62 0.20 0.38
0.62 0.17 0.38
0.62 0.15 0.38
0.63 0.12 0.37
0.63 0.09 0.37
0.64 0.07 0.36
0.64 0.05 0.36
0.64 0.04 0.36
0.65 0.03 0.35
0.65 0.02 0.35
0.65 0.01 0.35
0.66 0.00 0.34
0.66 0.00 0.34
0.67 0.00 0.33
0.67 0.00 0.33
0.67 0.00 0.33
0.68 0.01 0.32
0.68 0.02 0.32
0.69 0.04 0.31
0.69 0.05 0.31
0.69 0.07 0.31
0.70 0.09 0.30
0.70 0.11 0.30
0.71 0.14 0.29
0.71 0.16 0.29
0.71 0.19 0.29
0.72 0.22 0.28
0.72 0.25 0.28
0.73 0.28 0.27
0.73 0.32 0.27
0.73 0.35 0.27
0.74 0.39 0.26
0.74 0.42 0.26
0.75 0.46 0.25
0.75 0.49 0.25
0.75 0.53 0.25
0.76 0.57 0.24
0.76 0.60 0.24
0.76 0.64 0.24
0.77 0.67 0.23
0.77 0.71 0.23
0.78 0.74 0.22
0.78 0.77 0.22
0.78 0.80 0.22
0.79 0.83 0.21
0.79 0.85 0.21
0.80 0.88 0.20
0.80 0.90 0.20
0.80 0.92 0.20
0.81 0.94 0.19
0.81 0.96 0.19
0.82 0.97 0.18
0.82 0.98 0.18
0.82 0.99 0.18
0.83 0.99 0.17
0.83 0.99 0.17
0.84 0.99 0.16
0.84 0.99 0.16
0.84 0.98 0.16
0.85 0.98 0.15
0.85 0.96 0.15
0.85 0.95 0.15
0.86 0.94 0.14
0.86 0.92 0.14
0.87 0.90 0.13
0.87 0.87 0.13
0.87 0.85 0.13
0.88 0.82 0.12
0.88 0.79 0.12
0.89 0.76 0.11
0.89 0.73 0.11
0.89 0.70 0.11
0.90 0.66 0.10
0.90 0.63 0.10
0.91 0.59 0.09
0.91 0.56 0.09
0.91 0.52 0.09
0.92 0.48 0.08
0.92 0.45 0.08
0.93 0.41 0.07
0.93 0.38 0.07
0.93 0.34 0.07
0.94 0.31 0.06
0.94 0.27 0.06
0.95 0.24 0.05
0.95 0.21 0.05
0.95 0.18 0.05
0.96 0.15 0.04
0.96 0.13 0.04
0.96 0.10 0.04
0.97 0.08 0.03
0.97 0.06 0.03
0.98 0.05 0.02
0.98 0.03 0.02
0.98 0.02 0.02
0.99 0.01 0.01
0.99 0.00 0.01
1.00 0.00 0.00
