#
# Color table from NCL 6.1.0:
#
# The NCAR Command Language (Version 6.0.0) [Software]. (2012). 
# Boulder, Colorado: UCAR/NCAR/CISL/VETS. http://dx.doi.org/10.5065/D6WD3XH5
#
# name: ncl_WhBlReWh
# description: NCL color table WhBlReWh
# source: NCL color table WhBlReWh
#
1.00 1.00 1.00
0.98 0.98 1.00
0.96 0.96 1.00
0.94 0.94 1.00
0.92 0.92 1.00
0.90 0.90 1.00
0.88 0.88 1.00
0.86 0.86 1.00
0.84 0.84 1.00
0.82 0.82 1.00
0.80 0.80 1.00
0.78 0.78 1.00
0.76 0.76 1.00
0.73 0.73 1.00
0.71 0.71 1.00
0.69 0.69 1.00
0.67 0.67 1.00
0.65 0.65 1.00
0.63 0.63 1.00
0.61 0.61 1.00
0.59 0.59 1.00
0.57 0.57 1.00
0.55 0.55 1.00
0.53 0.53 1.00
0.51 0.51 1.00
0.49 0.49 1.00
0.47 0.47 1.00
0.45 0.45 1.00
0.43 0.43 1.00
0.41 0.41 1.00
0.39 0.39 1.00
0.37 0.37 1.00
0.35 0.35 1.00
0.33 0.33 1.00
0.31 0.31 1.00
0.29 0.29 1.00
0.27 0.27 1.00
0.24 0.24 1.00
0.22 0.22 1.00
0.20 0.20 1.00
0.18 0.18 1.00
0.16 0.16 1.00
0.14 0.14 1.00
0.12 0.12 1.00
0.10 0.10 1.00
0.08 0.08 1.00
0.06 0.06 1.00
0.04 0.04 1.00
0.02 0.02 1.00
0.00 0.00 1.00
1.00 0.00 0.00
1.00 0.02 0.02
1.00 0.04 0.04
1.00 0.06 0.06
1.00 0.08 0.08
1.00 0.10 0.10
1.00 0.12 0.12
1.00 0.14 0.14
1.00 0.16 0.16
1.00 0.18 0.18
1.00 0.20 0.20
1.00 0.22 0.22
1.00 0.24 0.24
1.00 0.27 0.27
1.00 0.29 0.29
1.00 0.31 0.31
1.00 0.33 0.33
1.00 0.35 0.35
1.00 0.37 0.37
1.00 0.39 0.39
1.00 0.41 0.41
1.00 0.43 0.43
1.00 0.45 0.45
1.00 0.47 0.47
1.00 0.49 0.49
1.00 0.51 0.51
1.00 0.53 0.53
1.00 0.55 0.55
1.00 0.57 0.57
1.00 0.59 0.59
1.00 0.61 0.61
1.00 0.63 0.63
1.00 0.65 0.65
1.00 0.67 0.67
1.00 0.69 0.69
1.00 0.71 0.71
1.00 0.73 0.73
1.00 0.76 0.76
1.00 0.78 0.78
1.00 0.80 0.80
1.00 0.82 0.82
1.00 0.84 0.84
1.00 0.86 0.86
1.00 0.88 0.88
1.00 0.90 0.90
1.00 0.92 0.92
1.00 0.94 0.94
1.00 0.96 0.96
1.00 0.98 0.98
1.00 1.00 1.00
