#
# Color table from NCL 6.1.0:
#
# The NCAR Command Language (Version 6.0.0) [Software]. (2012). 
# Boulder, Colorado: UCAR/NCAR/CISL/VETS. http://dx.doi.org/10.5065/D6WD3XH5
#
# name: ncl_cmp_haxby
# description: NCL color table cmp_haxby
# source: NCL color table cmp_haxby
#
0.15 0.22 0.69
0.15 0.27 0.73
0.15 0.31 0.78
0.15 0.35 0.83
0.15 0.40 0.87
0.15 0.44 0.92
0.16 0.49 0.97
0.16 0.53 0.98
0.17 0.56 0.99
0.17 0.60 0.99
0.18 0.64 0.99
0.18 0.68 1.00
0.19 0.72 1.00
0.21 0.76 1.00
0.24 0.78 1.00
0.28 0.81 1.00
0.31 0.84 1.00
0.35 0.87 1.00
0.38 0.90 1.00
0.42 0.92 1.00
0.44 0.92 0.95
0.46 0.92 0.89
0.48 0.92 0.84
0.50 0.93 0.79
0.52 0.93 0.74
0.54 0.93 0.69
0.58 0.93 0.67
0.62 0.95 0.67
0.66 0.96 0.66
0.70 0.97 0.65
0.74 0.98 0.65
0.78 0.99 0.64
0.82 0.99 0.62
0.84 0.98 0.60
0.86 0.97 0.57
0.88 0.96 0.55
0.90 0.95 0.52
0.93 0.93 0.49
0.94 0.92 0.47
0.95 0.89 0.45
0.96 0.86 0.43
0.97 0.83 0.41
0.98 0.80 0.38
0.99 0.77 0.36
1.00 0.75 0.35
1.00 0.73 0.33
1.00 0.71 0.32
1.00 0.69 0.31
1.00 0.67 0.29
1.00 0.65 0.28
1.00 0.64 0.27
1.00 0.64 0.29
1.00 0.65 0.33
1.00 0.67 0.37
1.00 0.69 0.41
1.00 0.70 0.45
1.00 0.72 0.49
1.00 0.74 0.55
1.00 0.78 0.62
1.00 0.83 0.70
1.00 0.87 0.77
1.00 0.91 0.85
1.00 0.96 0.93
1.00 1.00 1.00
