#
# Color table from NCL 6.1.0:
#
# The NCAR Command Language (Version 6.0.0) [Software]. (2012). 
# Boulder, Colorado: UCAR/NCAR/CISL/VETS. http://dx.doi.org/10.5065/D6WD3XH5
#
# name: ncl_OceanLakeLandSnow
# description: NCL color table OceanLakeLandSnow
# source: NCL color table OceanLakeLandSnow
#
0.09 0.45 0.80
0.53 0.81 1.00
0.15 0.40 0.16
0.16 0.42 0.16
0.18 0.43 0.16
0.20 0.45 0.16
0.21 0.46 0.16
0.23 0.47 0.16
0.24 0.49 0.16
0.26 0.50 0.16
0.27 0.51 0.17
0.29 0.53 0.17
0.31 0.54 0.17
0.32 0.56 0.17
0.34 0.57 0.17
0.35 0.58 0.17
0.37 0.60 0.18
0.38 0.61 0.18
0.40 0.62 0.18
0.42 0.64 0.18
0.43 0.65 0.18
0.45 0.67 0.18
0.46 0.68 0.18
0.48 0.69 0.18
0.49 0.71 0.19
0.51 0.72 0.19
0.53 0.73 0.19
0.54 0.75 0.19
0.56 0.76 0.19
0.57 0.78 0.19
0.60 0.80 0.20
0.61 0.81 0.20
0.61 0.81 0.21
0.62 0.82 0.22
0.62 0.82 0.22
0.63 0.83 0.23
0.63 0.83 0.24
0.64 0.84 0.25
0.64 0.84 0.25
0.65 0.84 0.26
0.65 0.85 0.27
0.65 0.85 0.27
0.66 0.86 0.28
0.66 0.86 0.29
0.67 0.87 0.30
0.67 0.87 0.31
0.68 0.87 0.31
0.68 0.88 0.32
0.69 0.88 0.33
0.69 0.89 0.33
0.69 0.89 0.34
0.70 0.90 0.35
0.71 0.90 0.36
0.71 0.91 0.36
0.71 0.91 0.37
0.72 0.91 0.38
0.72 0.92 0.38
0.73 0.93 0.39
0.74 0.93 0.41
0.75 0.93 0.42
0.75 0.93 0.44
0.76 0.94 0.45
0.77 0.94 0.46
0.78 0.94 0.47
0.79 0.94 0.49
0.80 0.94 0.50
0.80 0.94 0.51
0.81 0.94 0.53
0.82 0.94 0.54
0.83 0.95 0.55
0.84 0.95 0.56
0.85 0.95 0.58
0.85 0.95 0.59
0.86 0.95 0.60
0.87 0.95 0.62
0.88 0.95 0.63
0.89 0.95 0.64
0.90 0.95 0.65
0.91 0.95 0.67
0.91 0.95 0.68
0.92 0.95 0.69
0.93 0.96 0.71
0.94 0.96 0.72
0.95 0.96 0.73
0.96 0.96 0.75
0.96 0.96 0.76
0.98 0.96 0.78
0.98 0.96 0.78
0.98 0.96 0.77
0.98 0.95 0.77
0.98 0.95 0.76
0.97 0.95 0.76
0.97 0.95 0.75
0.97 0.95 0.75
0.97 0.95 0.74
0.97 0.94 0.73
0.97 0.94 0.73
0.96 0.94 0.72
0.96 0.93 0.72
0.96 0.93 0.71
0.96 0.93 0.71
0.96 0.93 0.70
0.96 0.93 0.69
0.96 0.93 0.69
0.96 0.92 0.68
0.95 0.92 0.67
0.95 0.92 0.67
0.95 0.91 0.67
0.95 0.91 0.66
0.95 0.91 0.65
0.95 0.91 0.65
0.95 0.91 0.64
0.95 0.91 0.64
0.95 0.90 0.63
0.94 0.90 0.62
0.94 0.89 0.61
0.93 0.89 0.60
0.93 0.88 0.59
0.93 0.88 0.58
0.92 0.87 0.57
0.92 0.87 0.56
0.91 0.86 0.55
0.91 0.86 0.54
0.91 0.85 0.53
0.91 0.85 0.52
0.90 0.84 0.51
0.90 0.84 0.50
0.89 0.83 0.49
0.89 0.83 0.48
0.89 0.82 0.47
0.88 0.82 0.46
0.88 0.81 0.45
0.87 0.80 0.44
0.87 0.80 0.43
0.87 0.80 0.42
0.86 0.79 0.41
0.86 0.78 0.40
0.86 0.78 0.39
0.85 0.78 0.38
0.85 0.77 0.36
0.85 0.76 0.36
0.84 0.75 0.33
0.84 0.75 0.32
0.83 0.74 0.31
0.83 0.73 0.30
0.83 0.73 0.30
0.83 0.73 0.29
0.83 0.72 0.28
0.83 0.71 0.27
0.83 0.71 0.27
0.83 0.71 0.26
0.82 0.70 0.25
0.82 0.69 0.25
0.82 0.69 0.24
0.82 0.69 0.23
0.82 0.68 0.22
0.82 0.67 0.22
0.82 0.67 0.21
0.82 0.67 0.20
0.82 0.66 0.19
0.82 0.65 0.19
0.81 0.65 0.18
0.81 0.65 0.17
0.81 0.64 0.16
0.81 0.64 0.16
0.81 0.63 0.15
0.81 0.63 0.14
0.81 0.62 0.14
0.81 0.62 0.13
0.80 0.61 0.11
0.80 0.60 0.11
0.78 0.59 0.12
0.78 0.58 0.12
0.77 0.57 0.12
0.76 0.56 0.12
0.75 0.56 0.13
0.74 0.55 0.13
0.73 0.54 0.13
0.73 0.53 0.13
0.71 0.52 0.13
0.71 0.51 0.13
0.70 0.50 0.14
0.69 0.49 0.14
0.68 0.49 0.14
0.67 0.47 0.14
0.66 0.47 0.15
0.65 0.46 0.15
0.64 0.45 0.15
0.64 0.44 0.15
0.62 0.43 0.15
0.62 0.42 0.15
0.61 0.42 0.16
0.60 0.40 0.16
0.59 0.40 0.16
0.58 0.39 0.16
0.57 0.38 0.16
0.56 0.37 0.16
0.55 0.35 0.17
0.54 0.35 0.16
0.53 0.35 0.16
0.52 0.34 0.16
0.51 0.33 0.16
0.51 0.33 0.16
0.50 0.33 0.15
0.49 0.32 0.15
0.49 0.31 0.15
0.48 0.31 0.15
0.47 0.31 0.15
0.46 0.30 0.15
0.45 0.29 0.14
0.45 0.29 0.14
0.44 0.29 0.14
0.43 0.28 0.13
0.42 0.27 0.13
0.42 0.27 0.13
0.41 0.27 0.13
0.40 0.26 0.13
0.39 0.25 0.12
0.38 0.25 0.12
0.38 0.25 0.12
0.37 0.24 0.12
0.36 0.24 0.11
0.36 0.23 0.11
0.35 0.23 0.11
0.34 0.22 0.11
0.33 0.21 0.10
0.35 0.24 0.13
0.37 0.26 0.16
0.39 0.29 0.20
0.42 0.32 0.23
0.44 0.34 0.25
0.46 0.37 0.29
0.48 0.40 0.32
0.51 0.42 0.35
0.53 0.45 0.38
0.55 0.47 0.41
0.57 0.50 0.44
0.59 0.53 0.47
0.62 0.55 0.51
0.64 0.58 0.54
0.66 0.60 0.56
0.68 0.63 0.60
0.71 0.66 0.63
0.73 0.68 0.66
0.75 0.71 0.69
0.77 0.74 0.72
0.79 0.76 0.75
0.82 0.79 0.78
0.84 0.82 0.82
0.86 0.84 0.85
0.88 0.87 0.87
0.91 0.89 0.91
0.93 0.92 0.94
0.97 0.97 1.00
