#
# Color table from NCL 6.1.0:
#
# The NCAR Command Language (Version 6.0.0) [Software]. (2012). 
# Boulder, Colorado: UCAR/NCAR/CISL/VETS. http://dx.doi.org/10.5065/D6WD3XH5
#
# name: ncl_WhViBlGrYeOrReWh
# description: NCL color table WhViBlGrYeOrReWh
# source: NCL color table WhViBlGrYeOrReWh
#
1.00 1.00 1.00
0.94 0.91 0.96
0.88 0.82 0.91
0.82 0.73 0.87
0.76 0.64 0.83
0.70 0.55 0.79
0.64 0.45 0.75
0.58 0.36 0.70
0.52 0.27 0.66
0.46 0.18 0.62
0.40 0.09 0.58
0.34 0.00 0.53
0.31 0.00 0.53
0.28 0.00 0.53
0.25 0.00 0.53
0.22 0.00 0.52
0.18 0.00 0.52
0.16 0.00 0.52
0.13 0.00 0.51
0.09 0.00 0.51
0.06 0.00 0.51
0.03 0.00 0.51
0.00 0.00 0.50
0.00 0.00 0.55
0.00 0.00 0.59
0.00 0.00 0.64
0.00 0.00 0.68
0.00 0.00 0.73
0.00 0.00 0.77
0.00 0.00 0.82
0.00 0.00 0.86
0.00 0.00 0.91
0.00 0.00 0.95
0.00 0.00 1.00
0.00 0.09 0.91
0.00 0.18 0.82
0.00 0.27 0.73
0.00 0.36 0.64
0.00 0.45 0.55
0.00 0.55 0.45
0.00 0.64 0.36
0.00 0.73 0.27
0.00 0.82 0.18
0.00 0.91 0.09
0.00 1.00 0.00
0.08 1.00 0.00
0.17 1.00 0.00
0.25 1.00 0.00
0.33 1.00 0.00
0.42 1.00 0.00
0.50 1.00 0.00
0.58 1.00 0.00
0.67 1.00 0.00
0.75 1.00 0.00
0.84 1.00 0.00
0.92 1.00 0.00
1.00 1.00 0.00
1.00 0.97 0.00
1.00 0.94 0.00
1.00 0.90 0.00
1.00 0.87 0.00
1.00 0.84 0.00
1.00 0.81 0.00
1.00 0.78 0.00
1.00 0.75 0.00
1.00 0.71 0.00
1.00 0.68 0.00
1.00 0.65 0.00
0.95 0.59 0.00
0.91 0.53 0.00
0.86 0.47 0.00
0.82 0.41 0.00
0.77 0.35 0.00
0.73 0.29 0.00
0.68 0.24 0.00
0.64 0.18 0.00
0.59 0.12 0.00
0.55 0.06 0.00
0.50 0.00 0.00
0.55 0.00 0.00
0.59 0.00 0.00
0.64 0.00 0.00
0.68 0.00 0.00
0.73 0.00 0.00
0.77 0.00 0.00
0.82 0.00 0.00
0.86 0.00 0.00
0.91 0.00 0.00
0.95 0.00 0.00
1.00 0.00 0.00
1.00 0.09 0.09
1.00 0.18 0.18
1.00 0.27 0.27
1.00 0.36 0.36
1.00 0.45 0.45
1.00 0.55 0.55
1.00 0.64 0.64
1.00 0.73 0.73
1.00 0.82 0.82
1.00 0.91 0.91
1.00 1.00 1.00
