#
# Color table from NCL 6.1.0:
#
# The NCAR Command Language (Version 6.0.0) [Software]. (2012). 
# Boulder, Colorado: UCAR/NCAR/CISL/VETS. http://dx.doi.org/10.5065/D6WD3XH5
#
# name: ncl_matlab_hot
# description: NCL color table matlab_hot
# source: NCL color table matlab_hot
#
0.04 0.00 0.00
0.08 0.00 0.00
0.12 0.00 0.00
0.16 0.00 0.00
0.21 0.00 0.00
0.25 0.00 0.00
0.29 0.00 0.00
0.33 0.00 0.00
0.37 0.00 0.00
0.42 0.00 0.00
0.45 0.00 0.00
0.50 0.00 0.00
0.54 0.00 0.00
0.58 0.00 0.00
0.62 0.00 0.00
0.67 0.00 0.00
0.71 0.00 0.00
0.75 0.00 0.00
0.79 0.00 0.00
0.83 0.00 0.00
0.87 0.00 0.00
0.91 0.00 0.00
0.96 0.00 0.00
1.00 0.00 0.00
1.00 0.04 0.00
1.00 0.08 0.00
1.00 0.12 0.00
1.00 0.16 0.00
1.00 0.21 0.00
1.00 0.25 0.00
1.00 0.29 0.00
1.00 0.33 0.00
1.00 0.37 0.00
1.00 0.42 0.00
1.00 0.45 0.00
1.00 0.50 0.00
1.00 0.54 0.00
1.00 0.58 0.00
1.00 0.62 0.00
1.00 0.67 0.00
1.00 0.71 0.00
1.00 0.75 0.00
1.00 0.79 0.00
1.00 0.83 0.00
1.00 0.87 0.00
1.00 0.91 0.00
1.00 0.96 0.00
1.00 1.00 0.00
1.00 1.00 0.06
1.00 1.00 0.12
1.00 1.00 0.18
1.00 1.00 0.25
1.00 1.00 0.31
1.00 1.00 0.37
1.00 1.00 0.44
1.00 1.00 0.50
1.00 1.00 0.56
1.00 1.00 0.62
1.00 1.00 0.69
1.00 1.00 0.75
1.00 1.00 0.81
1.00 1.00 0.87
1.00 1.00 0.94
1.00 1.00 1.00
