#
# Color table from NCL 6.1.0:
#
# The NCAR Command Language (Version 6.0.0) [Software]. (2012). 
# Boulder, Colorado: UCAR/NCAR/CISL/VETS. http://dx.doi.org/10.5065/D6WD3XH5
#
# name: ncl_ncview_default
# description: NCL color table ncview_default
# source: NCL color table ncview_default
#
0.51 0.00 1.00
0.50 0.00 1.00
0.49 0.00 1.00
0.48 0.00 1.00
0.47 0.00 1.00
0.45 0.00 0.99
0.44 0.00 0.99
0.43 0.01 0.99
0.42 0.01 0.99
0.42 0.01 0.99
0.40 0.02 0.98
0.40 0.02 0.98
0.39 0.02 0.98
0.38 0.03 0.98
0.37 0.03 0.98
0.36 0.04 0.98
0.35 0.04 0.97
0.34 0.05 0.97
0.33 0.05 0.97
0.33 0.05 0.96
0.32 0.06 0.96
0.31 0.07 0.96
0.30 0.07 0.95
0.29 0.08 0.95
0.28 0.09 0.95
0.27 0.09 0.94
0.27 0.10 0.94
0.26 0.11 0.93
0.25 0.12 0.93
0.24 0.13 0.93
0.24 0.14 0.92
0.23 0.15 0.91
0.22 0.15 0.91
0.21 0.16 0.91
0.20 0.17 0.90
0.20 0.18 0.89
0.19 0.19 0.89
0.18 0.20 0.88
0.18 0.21 0.88
0.17 0.22 0.87
0.16 0.23 0.87
0.15 0.24 0.86
0.15 0.25 0.85
0.14 0.26 0.85
0.14 0.27 0.84
0.13 0.28 0.83
0.12 0.29 0.83
0.12 0.31 0.82
0.11 0.32 0.81
0.11 0.33 0.80
0.10 0.34 0.80
0.09 0.35 0.79
0.09 0.36 0.78
0.08 0.38 0.78
0.08 0.39 0.77
0.07 0.40 0.76
0.07 0.41 0.75
0.06 0.42 0.75
0.06 0.44 0.74
0.05 0.45 0.73
0.05 0.46 0.72
0.05 0.47 0.71
0.04 0.48 0.70
0.04 0.49 0.69
0.04 0.51 0.69
0.03 0.52 0.68
0.03 0.53 0.67
0.03 0.55 0.66
0.02 0.56 0.65
0.02 0.57 0.64
0.02 0.58 0.64
0.02 0.59 0.63
0.01 0.60 0.62
0.01 0.62 0.61
0.01 0.63 0.60
0.01 0.64 0.59
0.00 0.65 0.58
0.00 0.66 0.57
0.00 0.67 0.56
0.00 0.69 0.55
0.00 0.70 0.55
0.00 0.71 0.54
0.00 0.72 0.53
0.00 0.73 0.52
0.00 0.74 0.51
0.00 0.75 0.50
0.00 0.76 0.49
0.00 0.77 0.48
0.00 0.78 0.47
0.00 0.79 0.46
0.00 0.80 0.45
0.00 0.81 0.44
0.00 0.82 0.44
0.00 0.83 0.43
0.00 0.84 0.42
0.01 0.85 0.41
0.01 0.85 0.40
0.01 0.87 0.39
0.01 0.87 0.38
0.01 0.88 0.37
0.02 0.89 0.36
0.02 0.90 0.35
0.02 0.90 0.35
0.02 0.91 0.34
0.03 0.92 0.33
0.03 0.92 0.32
0.04 0.93 0.31
0.04 0.94 0.30
0.04 0.94 0.29
0.04 0.95 0.29
0.05 0.95 0.28
0.05 0.96 0.27
0.05 0.96 0.26
0.06 0.96 0.25
0.07 0.97 0.25
0.07 0.97 0.24
0.07 0.98 0.23
0.08 0.98 0.22
0.09 0.98 0.22
0.09 0.98 0.21
0.09 0.99 0.20
0.10 0.99 0.19
0.11 0.99 0.18
0.11 0.99 0.18
0.12 0.99 0.17
0.13 0.99 0.16
0.13 0.99 0.16
0.14 1.00 0.15
0.15 0.99 0.15
0.15 0.99 0.14
0.16 0.99 0.13
0.16 0.99 0.13
0.17 0.99 0.12
0.18 0.99 0.11
0.18 0.99 0.11
0.19 0.98 0.10
0.20 0.98 0.09
0.21 0.98 0.09
0.22 0.98 0.09
0.22 0.97 0.08
0.23 0.97 0.07
0.24 0.96 0.07
0.25 0.96 0.07
0.25 0.96 0.06
0.26 0.95 0.05
0.27 0.95 0.05
0.28 0.94 0.05
0.29 0.94 0.04
0.29 0.93 0.04
0.30 0.92 0.04
0.31 0.92 0.04
0.32 0.91 0.03
0.33 0.90 0.03
0.34 0.90 0.02
0.35 0.89 0.02
0.35 0.88 0.02
0.36 0.87 0.02
0.37 0.87 0.01
0.38 0.85 0.01
0.39 0.85 0.01
0.40 0.84 0.01
0.41 0.83 0.01
0.42 0.82 0.00
0.43 0.81 0.00
0.44 0.80 0.00
0.44 0.79 0.00
0.45 0.78 0.00
0.46 0.77 0.00
0.47 0.76 0.00
0.48 0.75 0.00
0.49 0.74 0.00
0.50 0.73 0.00
0.51 0.72 0.00
0.52 0.71 0.00
0.53 0.70 0.00
0.54 0.69 0.00
0.55 0.67 0.00
0.55 0.66 0.00
0.56 0.65 0.00
0.57 0.64 0.00
0.58 0.63 0.00
0.59 0.62 0.01
0.60 0.60 0.01
0.61 0.59 0.01
0.62 0.58 0.01
0.63 0.57 0.02
0.64 0.56 0.02
0.64 0.55 0.02
0.65 0.53 0.02
0.66 0.52 0.03
0.67 0.51 0.03
0.68 0.49 0.03
0.69 0.48 0.04
0.69 0.47 0.04
0.70 0.46 0.04
0.71 0.45 0.05
0.72 0.44 0.05
0.73 0.42 0.05
0.74 0.41 0.06
0.75 0.40 0.06
0.75 0.39 0.07
0.76 0.38 0.07
0.77 0.36 0.08
0.78 0.35 0.08
0.78 0.34 0.09
0.79 0.33 0.09
0.80 0.32 0.10
0.80 0.31 0.11
0.81 0.29 0.11
0.82 0.28 0.12
0.83 0.27 0.12
0.83 0.26 0.13
0.84 0.25 0.14
0.85 0.24 0.14
0.85 0.23 0.15
0.86 0.22 0.15
0.87 0.21 0.16
0.87 0.20 0.17
0.88 0.19 0.18
0.88 0.18 0.18
0.89 0.17 0.19
0.89 0.16 0.20
0.90 0.15 0.20
0.91 0.15 0.21
0.91 0.14 0.22
0.91 0.13 0.23
0.92 0.12 0.24
0.93 0.11 0.24
0.93 0.10 0.25
0.93 0.09 0.26
0.94 0.09 0.27
0.94 0.08 0.27
0.95 0.07 0.28
0.95 0.07 0.29
0.95 0.06 0.30
0.96 0.05 0.31
0.96 0.05 0.32
0.96 0.05 0.33
0.97 0.04 0.33
0.97 0.04 0.34
0.97 0.03 0.35
0.98 0.03 0.36
0.98 0.02 0.37
0.98 0.02 0.38
0.98 0.02 0.39
0.98 0.01 0.40
0.98 0.01 0.40
0.99 0.01 0.42
0.99 0.00 0.42
0.99 0.00 0.43
0.99 0.00 0.44
0.99 0.00 0.45
0.99 0.00 0.46
0.99 0.00 0.47
0.99 0.00 0.48
1.00 0.00 0.49
