#
# Color table from NCL 6.1.0:
#
# The NCAR Command Language (Version 6.0.0) [Software]. (2012). 
# Boulder, Colorado: UCAR/NCAR/CISL/VETS. http://dx.doi.org/10.5065/D6WD3XH5
#
# name: ncl_BlRe
# description: NCL color table BlRe
# source: NCL color table BlRe
#
0.00 0.00 0.50
0.00 0.00 0.52
0.00 0.00 0.54
0.00 0.00 0.56
0.00 0.00 0.58
0.00 0.00 0.60
0.00 0.00 0.62
0.00 0.00 0.64
0.00 0.00 0.66
0.00 0.00 0.68
0.00 0.00 0.70
0.00 0.00 0.72
0.00 0.00 0.74
0.00 0.00 0.76
0.00 0.00 0.78
0.00 0.00 0.80
0.00 0.00 0.82
0.00 0.00 0.84
0.00 0.00 0.86
0.00 0.00 0.88
0.00 0.00 0.90
0.00 0.00 0.92
0.00 0.00 0.94
0.00 0.00 0.96
0.00 0.00 0.98
0.00 0.00 1.00
0.04 0.04 1.00
0.08 0.08 1.00
0.12 0.12 1.00
0.16 0.16 1.00
0.20 0.20 1.00
0.24 0.24 1.00
0.28 0.28 1.00
0.32 0.32 1.00
0.36 0.36 1.00
0.40 0.40 1.00
0.44 0.44 1.00
0.48 0.48 1.00
0.52 0.52 1.00
0.56 0.56 1.00
0.60 0.60 1.00
0.64 0.64 1.00
0.68 0.68 1.00
0.72 0.72 1.00
0.76 0.76 1.00
0.80 0.80 1.00
0.84 0.84 1.00
0.88 0.88 1.00
1.00 0.88 0.88
1.00 0.84 0.84
1.00 0.80 0.80
1.00 0.76 0.76
1.00 0.72 0.72
1.00 0.68 0.68
1.00 0.64 0.64
1.00 0.60 0.60
1.00 0.56 0.56
1.00 0.52 0.52
1.00 0.48 0.48
1.00 0.44 0.44
1.00 0.40 0.40
1.00 0.36 0.36
1.00 0.32 0.32
1.00 0.28 0.28
1.00 0.24 0.24
1.00 0.20 0.20
1.00 0.16 0.16
1.00 0.12 0.12
1.00 0.08 0.08
1.00 0.04 0.04
1.00 0.00 0.00
0.98 0.00 0.00
0.96 0.00 0.00
0.94 0.00 0.00
0.92 0.00 0.00
0.90 0.00 0.00
0.88 0.00 0.00
0.86 0.00 0.00
0.84 0.00 0.00
0.82 0.00 0.00
0.80 0.00 0.00
0.78 0.00 0.00
0.76 0.00 0.00
0.74 0.00 0.00
0.72 0.00 0.00
0.70 0.00 0.00
0.68 0.00 0.00
0.66 0.00 0.00
0.64 0.00 0.00
0.62 0.00 0.00
0.60 0.00 0.00
0.58 0.00 0.00
0.56 0.00 0.00
0.54 0.00 0.00
0.52 0.00 0.00
0.50 0.00 0.00
