#
# Color table from NCL 6.1.0:
#
# The NCAR Command Language (Version 6.0.0) [Software]. (2012). 
# Boulder, Colorado: UCAR/NCAR/CISL/VETS. http://dx.doi.org/10.5065/D6WD3XH5
#
# name: ncl_WhBlGrYeRe
# description: NCL color table WhBlGrYeRe
# source: NCL color table WhBlGrYeRe
#
1.00 1.00 1.00
0.96 0.96 1.00
0.92 0.92 1.00
0.88 0.88 1.00
0.84 0.84 1.00
0.80 0.80 1.00
0.76 0.76 1.00
0.72 0.72 1.00
0.68 0.68 1.00
0.64 0.64 1.00
0.60 0.60 1.00
0.56 0.56 1.00
0.52 0.52 1.00
0.48 0.48 1.00
0.44 0.44 1.00
0.40 0.40 1.00
0.36 0.36 1.00
0.32 0.32 1.00
0.28 0.28 1.00
0.24 0.24 1.00
0.20 0.20 1.00
0.16 0.16 1.00
0.12 0.12 1.00
0.08 0.08 1.00
0.04 0.04 1.00
0.00 0.00 1.00
0.00 0.03 0.96
0.00 0.05 0.93
0.00 0.08 0.89
0.00 0.11 0.85
0.01 0.14 0.81
0.01 0.17 0.77
0.01 0.20 0.74
0.01 0.22 0.70
0.01 0.25 0.66
0.01 0.28 0.62
0.02 0.31 0.58
0.02 0.34 0.55
0.02 0.36 0.51
0.02 0.39 0.47
0.02 0.42 0.44
0.02 0.45 0.40
0.02 0.48 0.36
0.02 0.51 0.32
0.02 0.53 0.29
0.02 0.56 0.25
0.03 0.59 0.21
0.03 0.62 0.17
0.03 0.65 0.13
0.03 0.67 0.10
0.03 0.70 0.06
0.07 0.71 0.05
0.11 0.73 0.05
0.15 0.74 0.05
0.19 0.75 0.05
0.23 0.76 0.05
0.27 0.78 0.04
0.31 0.79 0.04
0.35 0.80 0.04
0.40 0.82 0.04
0.44 0.83 0.04
0.47 0.84 0.03
0.52 0.85 0.03
0.56 0.86 0.03
0.60 0.87 0.02
0.64 0.89 0.02
0.68 0.90 0.02
0.72 0.91 0.02
0.76 0.93 0.02
0.80 0.94 0.01
0.84 0.95 0.01
0.88 0.96 0.01
0.92 0.98 0.00
0.96 0.99 0.00
1.00 1.00 0.00
1.00 0.96 0.00
1.00 0.92 0.00
1.00 0.88 0.00
1.00 0.84 0.00
1.00 0.80 0.00
1.00 0.76 0.00
1.00 0.72 0.00
1.00 0.68 0.00
1.00 0.64 0.00
1.00 0.60 0.00
1.00 0.56 0.00
1.00 0.52 0.00
1.00 0.48 0.00
1.00 0.44 0.00
1.00 0.40 0.00
1.00 0.36 0.00
1.00 0.32 0.00
1.00 0.28 0.00
1.00 0.24 0.00
1.00 0.20 0.00
1.00 0.16 0.00
1.00 0.12 0.00
1.00 0.08 0.00
1.00 0.04 0.00
1.00 0.00 0.00
