#
# Color table from NCL 6.1.0:
#
# The NCAR Command Language (Version 6.0.0) [Software]. (2012). 
# Boulder, Colorado: UCAR/NCAR/CISL/VETS. http://dx.doi.org/10.5065/D6WD3XH5
#
# name: ncl_wh-bl-gr-ye-re
# description: NCL color table wh-bl-gr-ye-re
# source: NCL color table wh-bl-gr-ye-re
#
1.00 1.00 1.00
0.98 0.98 1.00
0.96 0.96 1.00
0.94 0.94 1.00
0.92 0.92 1.00
0.90 0.90 1.00
0.88 0.88 1.00
0.86 0.86 1.00
0.84 0.84 1.00
0.82 0.82 1.00
0.80 0.80 1.00
0.78 0.78 1.00
0.76 0.76 1.00
0.74 0.74 1.00
0.72 0.72 1.00
0.70 0.70 1.00
0.68 0.68 1.00
0.66 0.66 1.00
0.64 0.64 1.00
0.62 0.62 1.00
0.60 0.60 1.00
0.58 0.58 1.00
0.56 0.56 1.00
0.54 0.54 1.00
0.52 0.52 1.00
0.50 0.50 1.00
0.48 0.48 1.00
0.46 0.46 1.00
0.44 0.44 1.00
0.42 0.42 1.00
0.40 0.40 1.00
0.38 0.38 1.00
0.36 0.36 1.00
0.34 0.34 1.00
0.32 0.32 1.00
0.30 0.30 1.00
0.28 0.28 1.00
0.26 0.26 1.00
0.24 0.24 1.00
0.22 0.22 1.00
0.20 0.20 1.00
0.18 0.18 1.00
0.16 0.16 1.00
0.14 0.14 1.00
0.12 0.12 1.00
0.10 0.10 1.00
0.08 0.08 1.00
0.06 0.06 1.00
0.04 0.04 1.00
0.02 0.02 1.00
0.00 0.00 1.00
0.00 0.02 0.98
0.00 0.03 0.96
0.00 0.04 0.94
0.00 0.06 0.92
0.00 0.07 0.91
0.00 0.09 0.89
0.00 0.10 0.87
0.00 0.11 0.85
0.00 0.13 0.83
0.01 0.15 0.81
0.01 0.16 0.79
0.01 0.17 0.77
0.01 0.18 0.75
0.01 0.20 0.73
0.01 0.22 0.71
0.01 0.23 0.69
0.01 0.24 0.67
0.01 0.26 0.65
0.01 0.27 0.64
0.01 0.29 0.62
0.01 0.30 0.60
0.02 0.31 0.58
0.02 0.33 0.56
0.02 0.35 0.54
0.02 0.36 0.52
0.02 0.37 0.50
0.02 0.39 0.48
0.02 0.40 0.46
0.02 0.42 0.44
0.02 0.43 0.42
0.02 0.44 0.40
0.02 0.46 0.38
0.02 0.47 0.36
0.02 0.49 0.35
0.02 0.50 0.33
0.02 0.52 0.31
0.02 0.53 0.29
0.02 0.55 0.27
0.02 0.56 0.25
0.03 0.57 0.23
0.03 0.59 0.21
0.03 0.60 0.19
0.03 0.62 0.17
0.03 0.63 0.15
0.03 0.64 0.14
0.03 0.66 0.12
0.03 0.67 0.10
0.03 0.69 0.08
0.03 0.70 0.06
0.05 0.71 0.06
0.07 0.71 0.05
0.09 0.72 0.05
0.11 0.73 0.05
0.13 0.73 0.05
0.15 0.74 0.05
0.17 0.75 0.05
0.19 0.75 0.05
0.20 0.76 0.05
0.22 0.76 0.05
0.24 0.77 0.05
0.26 0.77 0.04
0.28 0.78 0.04
0.30 0.78 0.04
0.32 0.79 0.04
0.34 0.80 0.04
0.36 0.80 0.04
0.38 0.81 0.04
0.40 0.82 0.04
0.42 0.82 0.04
0.44 0.83 0.04
0.46 0.83 0.03
0.48 0.84 0.03
0.50 0.84 0.03
0.52 0.85 0.03
0.53 0.86 0.03
0.55 0.86 0.03
0.57 0.87 0.03
0.59 0.87 0.02
0.61 0.88 0.02
0.63 0.89 0.02
0.65 0.89 0.02
0.67 0.90 0.02
0.69 0.91 0.02
0.71 0.91 0.02
0.73 0.92 0.02
0.75 0.92 0.02
0.77 0.93 0.02
0.79 0.93 0.01
0.81 0.94 0.01
0.83 0.95 0.01
0.84 0.95 0.01
0.86 0.96 0.01
0.88 0.96 0.01
0.90 0.97 0.01
0.92 0.98 0.00
0.94 0.98 0.00
0.96 0.99 0.00
0.98 0.99 0.00
1.00 1.00 0.00
1.00 0.98 0.00
1.00 0.96 0.00
1.00 0.94 0.00
1.00 0.92 0.00
1.00 0.90 0.00
1.00 0.88 0.00
1.00 0.86 0.00
1.00 0.84 0.00
1.00 0.82 0.00
1.00 0.80 0.00
1.00 0.78 0.00
1.00 0.76 0.00
1.00 0.73 0.00
1.00 0.71 0.00
1.00 0.69 0.00
1.00 0.67 0.00
1.00 0.65 0.00
1.00 0.63 0.00
1.00 0.61 0.00
1.00 0.59 0.00
1.00 0.57 0.00
1.00 0.55 0.00
1.00 0.53 0.00
1.00 0.51 0.00
1.00 0.49 0.00
1.00 0.47 0.00
1.00 0.45 0.00
1.00 0.43 0.00
1.00 0.41 0.00
1.00 0.39 0.00
1.00 0.37 0.00
1.00 0.35 0.00
1.00 0.33 0.00
1.00 0.31 0.00
1.00 0.29 0.00
1.00 0.27 0.00
1.00 0.24 0.00
1.00 0.22 0.00
1.00 0.20 0.00
1.00 0.18 0.00
1.00 0.16 0.00
1.00 0.14 0.00
1.00 0.12 0.00
1.00 0.10 0.00
1.00 0.08 0.00
1.00 0.06 0.00
1.00 0.04 0.00
1.00 0.02 0.00
1.00 0.00 0.00
