#
# Color table from NCL 6.1.0:
#
# The NCAR Command Language (Version 6.0.0) [Software]. (2012). 
# Boulder, Colorado: UCAR/NCAR/CISL/VETS. http://dx.doi.org/10.5065/D6WD3XH5
#
# name: ncl_WhiteBlue
# description: NCL color table WhiteBlue
# source: NCL color table WhiteBlue
#
1.00 1.00 1.00
1.00 1.00 1.00
0.99 1.00 1.00
0.99 1.00 1.00
0.99 1.00 1.00
0.98 0.99 1.00
0.98 0.99 1.00
0.98 0.99 1.00
0.98 0.99 1.00
0.97 0.99 1.00
0.97 0.99 1.00
0.97 0.99 1.00
0.96 0.98 1.00
0.96 0.98 1.00
0.96 0.98 0.99
0.95 0.98 0.99
0.95 0.98 0.99
0.95 0.98 0.99
0.95 0.98 0.99
0.94 0.98 0.99
0.94 0.98 0.99
0.94 0.98 0.99
0.93 0.97 0.99
0.93 0.97 0.99
0.93 0.97 0.99
0.93 0.97 0.99
0.92 0.97 0.99
0.92 0.97 0.99
0.91 0.96 0.99
0.91 0.96 0.99
0.91 0.96 0.99
0.91 0.96 0.98
0.90 0.96 0.98
0.90 0.96 0.98
0.90 0.96 0.98
0.89 0.96 0.98
0.89 0.96 0.98
0.89 0.96 0.98
0.89 0.95 0.98
0.88 0.95 0.98
0.88 0.95 0.98
0.87 0.95 0.98
0.87 0.95 0.98
0.87 0.95 0.98
0.87 0.95 0.98
0.86 0.95 0.98
0.86 0.95 0.98
0.86 0.95 0.98
0.85 0.94 0.98
0.85 0.94 0.98
0.85 0.94 0.98
0.84 0.94 0.98
0.84 0.94 0.98
0.84 0.93 0.98
0.83 0.93 0.98
0.83 0.93 0.98
0.82 0.93 0.98
0.82 0.93 0.98
0.81 0.93 0.98
0.81 0.93 0.98
0.80 0.92 0.98
0.80 0.92 0.98
0.80 0.92 0.98
0.79 0.92 0.98
0.79 0.92 0.98
0.78 0.91 0.97
0.78 0.91 0.97
0.77 0.91 0.97
0.77 0.91 0.97
0.76 0.91 0.97
0.76 0.91 0.97
0.76 0.91 0.97
0.75 0.91 0.97
0.75 0.90 0.97
0.74 0.90 0.97
0.74 0.90 0.97
0.73 0.90 0.97
0.73 0.90 0.97
0.73 0.89 0.97
0.72 0.89 0.97
0.72 0.89 0.97
0.71 0.89 0.97
0.71 0.89 0.97
0.70 0.89 0.97
0.70 0.89 0.97
0.69 0.88 0.97
0.69 0.88 0.97
0.69 0.88 0.97
0.68 0.88 0.97
0.68 0.88 0.97
0.67 0.87 0.97
0.67 0.87 0.97
0.66 0.87 0.97
0.66 0.87 0.97
0.65 0.87 0.97
0.65 0.87 0.97
0.65 0.87 0.97
0.64 0.86 0.97
0.64 0.86 0.97
0.63 0.86 0.97
0.63 0.86 0.97
0.62 0.85 0.97
0.61 0.85 0.96
0.60 0.85 0.96
0.60 0.84 0.96
0.60 0.84 0.96
0.59 0.84 0.96
0.58 0.83 0.95
0.58 0.83 0.95
0.57 0.82 0.95
0.57 0.82 0.95
0.56 0.82 0.95
0.56 0.81 0.94
0.55 0.81 0.94
0.55 0.80 0.94
0.54 0.80 0.94
0.54 0.79 0.93
0.53 0.79 0.93
0.53 0.78 0.93
0.52 0.78 0.93
0.51 0.78 0.93
0.51 0.77 0.92
0.51 0.77 0.92
0.50 0.76 0.92
0.49 0.76 0.91
0.49 0.76 0.91
0.48 0.75 0.91
0.48 0.75 0.91
0.47 0.75 0.91
0.47 0.74 0.90
0.46 0.74 0.90
0.46 0.73 0.90
0.45 0.73 0.90
0.45 0.73 0.89
0.44 0.72 0.89
0.44 0.72 0.89
0.43 0.71 0.89
0.43 0.71 0.89
0.42 0.71 0.88
0.42 0.70 0.88
0.41 0.70 0.88
0.40 0.69 0.87
0.40 0.69 0.87
0.39 0.68 0.87
0.39 0.68 0.87
0.38 0.67 0.87
0.38 0.67 0.86
0.37 0.67 0.86
0.37 0.66 0.86
0.36 0.66 0.85
0.36 0.65 0.85
0.35 0.65 0.85
0.34 0.64 0.85
0.34 0.64 0.84
0.33 0.63 0.84
0.33 0.63 0.84
0.33 0.62 0.83
0.32 0.62 0.83
0.32 0.61 0.82
0.31 0.60 0.82
0.31 0.60 0.82
0.31 0.59 0.82
0.30 0.59 0.81
0.30 0.58 0.81
0.29 0.58 0.80
0.29 0.57 0.80
0.29 0.56 0.80
0.28 0.56 0.79
0.28 0.55 0.79
0.27 0.55 0.78
0.27 0.54 0.78
0.27 0.54 0.78
0.26 0.53 0.77
0.26 0.53 0.77
0.25 0.52 0.76
0.25 0.51 0.76
0.25 0.51 0.76
0.24 0.50 0.75
0.24 0.50 0.75
0.24 0.49 0.75
0.24 0.49 0.75
0.23 0.48 0.74
0.23 0.47 0.74
0.22 0.47 0.73
0.22 0.46 0.73
0.22 0.45 0.73
0.21 0.45 0.72
0.21 0.45 0.72
0.20 0.44 0.71
0.20 0.44 0.71
0.20 0.43 0.71
0.19 0.42 0.70
0.19 0.42 0.70
0.18 0.41 0.69
0.18 0.40 0.69
0.18 0.40 0.69
0.17 0.40 0.69
0.17 0.39 0.68
0.16 0.38 0.68
0.16 0.38 0.67
0.16 0.37 0.67
0.15 0.36 0.67
0.14 0.35 0.65
0.14 0.35 0.65
0.14 0.34 0.64
0.14 0.34 0.64
0.14 0.34 0.64
0.14 0.33 0.63
0.14 0.33 0.62
0.14 0.33 0.62
0.14 0.32 0.61
0.13 0.32 0.61
0.13 0.31 0.60
0.13 0.31 0.60
0.13 0.31 0.59
0.13 0.31 0.59
0.13 0.30 0.58
0.13 0.30 0.58
0.13 0.29 0.57
0.13 0.29 0.56
0.13 0.29 0.56
0.13 0.29 0.56
0.13 0.28 0.55
0.13 0.28 0.55
0.13 0.27 0.54
0.13 0.27 0.53
0.13 0.27 0.53
0.13 0.26 0.53
0.13 0.26 0.52
0.12 0.26 0.51
0.12 0.25 0.51
0.12 0.25 0.51
0.12 0.25 0.50
0.12 0.24 0.49
0.12 0.24 0.49
0.12 0.24 0.48
0.12 0.24 0.48
0.12 0.23 0.47
0.12 0.23 0.47
0.12 0.22 0.46
0.11 0.22 0.46
0.11 0.22 0.45
0.11 0.21 0.45
0.11 0.21 0.44
0.11 0.21 0.44
0.11 0.20 0.43
0.11 0.20 0.43
0.11 0.20 0.42
0.11 0.19 0.42
0.11 0.19 0.41
0.11 0.18 0.40
0.11 0.18 0.40
0.11 0.18 0.40
0.11 0.17 0.38
